% time-domain voltage integration by openEMS v0.0.36-88-g332ca7d @Tue Aug  5 15:10:01 2025
% start-coordinates: (0.00035477,-0.000209341,5.52e-06) m -> [1246,315,7]
% stop-coordinates: (0.00035477,-0.000209341,1.32303e-05) m -> [1246,315,22]
% t/s	voltage
0	-0
4.16175556221e-13	-0
8.32351112443e-13	-0
1.24852666866e-12	-0
1.66470222489e-12	-0
2.08087778111e-12	-0
2.49705333733e-12	-0
2.91322889355e-12	9.83069712895e-15
3.32940444977e-12	-7.49746103959e-13
3.74558000599e-12	2.10110162098e-12
4.16175556221e-12	3.44027263003e-12
4.57793111843e-12	-1.82832754877e-12
4.99410667466e-12	-6.40672028775e-12
5.41028223088e-12	2.1622808863e-12
5.8264577871e-12	-1.37579508062e-12
6.24263334332e-12	1.80848546316e-12
6.65880889954e-12	-1.02057289486e-12
7.07498445576e-12	2.89949256011e-11
7.49116001198e-12	5.84925766677e-11
7.9073355682e-12	8.07114379671e-11
8.32351112443e-12	1.03400259709e-10
8.73968668065e-12	4.78377832139e-11
9.15586223687e-12	-5.74662136453e-11
9.57203779309e-12	-2.92723786183e-10
9.98821334931e-12	-5.34599921623e-10
1.04043889055e-11	-7.33658824664e-10
1.08205644618e-11	-5.53952779481e-10
1.1236740018e-11	-4.71974807056e-12
1.16529155742e-11	1.00543033274e-09
1.20690911304e-11	2.17894687016e-09
1.24852666866e-11	3.16113825394e-09
1.29014422429e-11	3.23460101759e-09
1.33176177991e-11	2.43443971926e-09
1.37337933553e-11	1.03578769867e-09
1.41499689115e-11	-4.17017434473e-10
1.45661444677e-11	-1.23768564841e-09
1.4982320024e-11	-1.43753034476e-09
1.53984955802e-11	-1.94858876951e-09
1.58146711364e-11	-4.39926525764e-09
1.62308466926e-11	-9.97909244127e-09
1.66470222489e-11	-1.93440486962e-08
1.70631978051e-11	-3.44711788003e-08
1.74793733613e-11	-6.21800315681e-08
1.78955489175e-11	-1.18397851079e-07
1.83117244737e-11	-2.27581002932e-07
1.872790003e-11	-4.14492150824e-07
1.91440755862e-11	-6.8532336428e-07
1.95602511424e-11	-1.00436339778e-06
1.99764266986e-11	-1.27733873256e-06
2.03926022548e-11	-1.35982887173e-06
2.08087778111e-11	-1.09685770511e-06
2.12249533673e-11	-3.87748027464e-07
2.16411289235e-11	7.46943872088e-07
2.20573044797e-11	2.13307115615e-06
2.24734800359e-11	3.4687393935e-06
2.28896555922e-11	4.41016368313e-06
2.33058311484e-11	4.68884394422e-06
2.37220067046e-11	4.20998063078e-06
2.41381822608e-11	3.08906760438e-06
2.45543578171e-11	1.60846224873e-06
2.49705333733e-11	1.13501008148e-07
2.53867089295e-11	-1.10583077273e-06
2.58028844857e-11	-1.89744954326e-06
2.62190600419e-11	-2.26402107728e-06
2.66352355982e-11	-2.31574689735e-06
2.70514111544e-11	-2.19119719702e-06
2.74675867106e-11	-1.98667337514e-06
2.78837622668e-11	-1.7264892449e-06
2.8299937823e-11	-1.38192952193e-06
2.87161133793e-11	-9.20159752837e-07
2.91322889355e-11	-3.51822921019e-07
2.95484644917e-11	2.4978568014e-07
2.99646400479e-11	7.68548787278e-07
3.03808156042e-11	1.09128270154e-06
3.07969911604e-11	1.15528125377e-06
3.12131667166e-11	9.73499890478e-07
3.16293422728e-11	6.27019655752e-07
3.2045517829e-11	2.31384529314e-07
3.24616933853e-11	-1.06277386447e-07
3.28778689415e-11	-3.20752983285e-07
3.32940444977e-11	-4.00913057419e-07
3.37102200539e-11	-3.79687509877e-07
3.41263956101e-11	-3.09490451045e-07
3.45425711664e-11	-2.35894380474e-07
3.49587467226e-11	-1.80495984381e-07
3.53749222788e-11	-1.38844944431e-07
3.5791097835e-11	-9.15690177017e-08
3.62072733912e-11	-2.2013988743e-08
3.66234489475e-11	7.02684488374e-08
3.70396245037e-11	1.66552088565e-07
3.74558000599e-11	2.3756132439e-07
3.78719756161e-11	2.580845333e-07
3.82881511724e-11	2.1923038851e-07
3.87043267286e-11	1.32766627914e-07
3.91205022848e-11	2.56975565271e-08
3.9536677841e-11	-7.18736483662e-08
3.99528533972e-11	-1.38237260305e-07
4.03690289535e-11	-1.66548948854e-07
4.07852045097e-11	-1.63925553132e-07
4.12013800659e-11	-1.45147990516e-07
4.16175556221e-11	-1.24765050291e-07
4.20337311783e-11	-1.11604316011e-07
4.24499067346e-11	-1.06724473703e-07
4.28660822908e-11	-1.04924372746e-07
4.3282257847e-11	-9.73012173056e-08
4.36984334032e-11	-7.48349946456e-08
4.41146089595e-11	-3.06342129441e-08
4.45307845157e-11	3.73931596798e-08
4.49469600719e-11	1.251892634e-07
4.53631356281e-11	2.21514349974e-07
4.57793111843e-11	3.09393435316e-07
4.61954867406e-11	3.69020030533e-07
4.66116622968e-11	3.82444021341e-07
4.7027837853e-11	3.39023046081e-07
4.74440134092e-11	2.39548477055e-07
4.78601889654e-11	9.79766254794e-08
4.82763645217e-11	-6.05092211892e-08
4.86925400779e-11	-2.04731740006e-07
4.91087156341e-11	-3.05472671158e-07
4.95248911903e-11	-3.43204510145e-07
4.99410667466e-11	-3.13509362471e-07
5.03572423028e-11	-2.28141963987e-07
5.0773417859e-11	-1.11041700723e-07
5.11895934152e-11	9.27778626147e-09
5.16057689714e-11	1.08172826252e-07
5.20219445277e-11	1.71283765837e-07
5.24381200839e-11	1.96542681685e-07
5.28542956401e-11	1.91816577733e-07
5.32704711963e-11	1.69395038441e-07
5.36866467525e-11	1.40282059746e-07
5.41028223088e-11	1.10180299551e-07
5.4518997865e-11	7.90741538914e-08
5.49351734212e-11	4.36595073428e-08
5.53513489774e-11	1.21522487906e-09
5.57675245336e-11	-4.69760956801e-08
5.61837000899e-11	-9.48902365572e-08
5.65998756461e-11	-1.33127104451e-07
5.70160512023e-11	-1.5260034214e-07
5.74322267585e-11	-1.48116921395e-07
5.78484023148e-11	-1.20956075378e-07
5.8264577871e-11	-7.8258660885e-08
5.86807534272e-11	-3.10602793485e-08
5.90969289834e-11	1.00233434885e-08
5.95131045396e-11	3.79722364663e-08
5.99292800959e-11	5.13338629382e-08
6.03454556521e-11	5.3733854477e-08
6.07616312083e-11	5.15382174715e-08
6.11778067645e-11	5.04495385467e-08
6.15939823207e-11	5.29384842629e-08
6.2010157877e-11	5.71501728164e-08
6.24263334332e-11	5.80996935007e-08
6.28425089894e-11	5.01492347649e-08
6.32586845456e-11	2.98424045475e-08
6.36748601019e-11	-2.2795335064e-09
6.40910356581e-11	-4.15181620195e-08
6.45072112143e-11	-8.02012030121e-08
6.49233867705e-11	-1.09989522823e-07
6.53395623267e-11	-1.23766190185e-07
6.5755737883e-11	-1.17535426281e-07
6.61719134392e-11	-9.14438711419e-08
6.65880889954e-11	-4.98479260092e-08
6.70042645516e-11	-6.90796787828e-10
6.74204401078e-11	4.60389339985e-08
6.78366156641e-11	8.0880832698e-08
6.82527912203e-11	9.73861058462e-08
6.86689667765e-11	9.38196951239e-08
6.90851423327e-11	7.37672909423e-08
6.9501317889e-11	4.44622478835e-08
6.99174934452e-11	1.42733995734e-08
7.03336690014e-11	-1.00416366888e-08
7.07498445576e-11	-2.52048497629e-08
7.11660201138e-11	-3.17116471971e-08
7.15821956701e-11	-3.27141477241e-08
7.19983712263e-11	-3.20138338061e-08
7.24145467825e-11	-3.23124810242e-08
7.28307223387e-11	-3.39392861592e-08
7.32468978949e-11	-3.50037073771e-08
7.36630734512e-11	-3.23462057139e-08
7.40792490074e-11	-2.32694384872e-08
7.44954245636e-11	-7.0736660418e-09
7.49116001198e-11	1.4073315624e-08
7.5327775676e-11	3.56016675029e-08
7.57439512323e-11	5.2147132612e-08
7.61601267885e-11	5.94971232282e-08
7.65763023447e-11	5.62360824574e-08
7.69924779009e-11	4.41300747056e-08
7.74086534572e-11	2.70671475233e-08
7.78248290134e-11	9.55012302573e-09
7.82410045696e-11	-5.09449593622e-09
7.86571801258e-11	-1.53875068243e-08
7.9073355682e-11	-2.1555223273e-08
7.94895312383e-11	-2.48349715237e-08
7.99057067945e-11	-2.64639936631e-08
8.03218823507e-11	-2.73631003411e-08
8.07380579069e-11	-2.76939781108e-08
8.11542334631e-11	-2.71228590698e-08
8.15704090194e-11	-2.48054167207e-08
8.19865845756e-11	-1.9678919938e-08
8.24027601318e-11	-1.08356836837e-08
8.2818935688e-11	1.89022590635e-09
8.32351112443e-11	1.73711929841e-08
8.36512868005e-11	3.29981417746e-08
8.40674623567e-11	4.51564323711e-08
8.44836379129e-11	5.01815984322e-08
8.48998134691e-11	4.57391289288e-08
8.53159890254e-11	3.17658535032e-08
8.57321645816e-11	1.08432787194e-08
8.61483401378e-11	-1.23600757962e-08
8.6564515694e-11	-3.23756121912e-08
8.69806912502e-11	-4.45046315356e-08
8.73968668065e-11	-4.61800933049e-08
8.78130423627e-11	-3.77998268242e-08
8.82292179189e-11	-2.26524264901e-08
8.86453934751e-11	-5.70401509359e-09
8.90615690313e-11	7.90670706685e-09
8.94777445876e-11	1.47745821688e-08
8.98939201438e-11	1.42004528136e-08
9.03100957e-11	8.38502550726e-09
9.07262712562e-11	1.25201771173e-09
9.11424468125e-11	-3.20899365414e-09
9.15586223687e-11	-2.61926200174e-09
9.19747979249e-11	2.94708239756e-09
9.23909734811e-11	1.11525523261e-08
9.28071490373e-11	1.85318719259e-08
9.32233245936e-11	2.1842634923e-08
9.36395001498e-11	1.92788296438e-08
9.4055675706e-11	1.09719645591e-08
9.44718512622e-11	-1.18028626456e-09
9.48880268184e-11	-1.40235431045e-08
9.53042023747e-11	-2.42453487287e-08
9.57203779309e-11	-2.91288989596e-08
9.61365534871e-11	-2.75105865866e-08
9.65527290433e-11	-2.00664607153e-08
9.69689045996e-11	-9.23544302145e-09
9.73850801558e-11	1.64100462385e-09
9.7801255712e-11	9.47694595022e-09
9.82174312682e-11	1.25457353395e-08
9.86336068244e-11	1.11678828962e-08
9.90497823807e-11	7.37881325485e-09
9.94659579369e-11	3.93306835711e-09
9.98821334931e-11	3.08137339255e-09
1.00298309049e-10	5.52353082717e-09
1.00714484606e-10	1.01018034493e-08
1.01130660162e-10	1.43071852698e-08
1.01546835718e-10	1.53220017229e-08
1.01963011274e-10	1.12722787771e-08
1.0237918683e-10	1.97117743655e-09
1.02795362387e-10	-1.05693631069e-08
1.03211537943e-10	-2.27728490509e-08
1.03627713499e-10	-3.05241218967e-08
1.04043889055e-10	-3.0668008244e-08
1.04460064612e-10	-2.23484155626e-08
1.04876240168e-10	-7.5229044938e-09
1.05292415724e-10	9.47111888916e-09
1.0570859128e-10	2.34094309493e-08
1.06124766836e-10	3.00971864098e-08
1.06540942393e-10	2.77385684422e-08
1.06957117949e-10	1.76825169507e-08
1.07373293505e-10	3.62040698809e-09
1.07789469061e-10	-9.75573749562e-09
1.08205644618e-10	-1.83896463612e-08
1.08621820174e-10	-2.0072059681e-08
1.0903799573e-10	-1.49948197192e-08
1.09454171286e-10	-5.44339892605e-09
1.09870346842e-10	5.03930738804e-09
1.10286522399e-10	1.27031579145e-08
1.10702697955e-10	1.48661597477e-08
1.11118873511e-10	1.07460836341e-08
1.11535049067e-10	1.8309068428e-09
1.11951224624e-10	-8.61680204967e-09
1.1236740018e-10	-1.66715365402e-08
1.12783575736e-10	-1.92850683201e-08
1.13199751292e-10	-1.54283745779e-08
1.13615926848e-10	-6.4531584798e-09
1.14032102405e-10	4.49038109473e-09
1.14448277961e-10	1.36566537523e-08
1.14864453517e-10	1.81673878163e-08
1.15280629073e-10	1.68708980119e-08
1.1569680463e-10	1.06861851035e-08
1.16112980186e-10	2.08097156867e-09
1.16529155742e-10	-5.8433115846e-09
1.16945331298e-10	-1.04122382383e-08
1.17361506854e-10	-1.03118628636e-08
1.17777682411e-10	-6.07339067926e-09
1.18193857967e-10	9.97887128831e-11
1.18610033523e-10	5.18850043485e-09
1.19026209079e-10	6.54862619687e-09
1.19442384636e-10	3.17967339958e-09
1.19858560192e-10	-3.76740651176e-09
1.20274735748e-10	-1.13713687355e-08
1.20690911304e-10	-1.61257090459e-08
1.2110708686e-10	-1.5484218796e-08
1.21523262417e-10	-8.94048965416e-09
1.21939437973e-10	1.69099375474e-09
1.22355613529e-10	1.29555379758e-08
1.22771789085e-10	2.10612854934e-08
1.23187964641e-10	2.31984004229e-08
1.23604140198e-10	1.83954111943e-08
1.24020315754e-10	7.87900636401e-09
1.2443649131e-10	-5.29446983477e-09
1.24852666866e-10	-1.71261584359e-08
1.25268842423e-10	-2.38850937917e-08
1.25685017979e-10	-2.33602969191e-08
1.26101193535e-10	-1.56728782175e-08
1.26517369091e-10	-3.39234997038e-09
1.26933544647e-10	9.30842736224e-09
1.27349720204e-10	1.81060149096e-08
1.2776589576e-10	2.01420825574e-08
1.28182071316e-10	1.50444813274e-08
1.28598246872e-10	4.97610974648e-09
1.29014422429e-10	-6.26499402356e-09
1.29430597985e-10	-1.47153615404e-08
1.29846773541e-10	-1.75996341389e-08
1.30262949097e-10	-1.42573377548e-08
1.30679124653e-10	-6.12384432053e-09
1.3109530021e-10	3.82232259732e-09
1.31511475766e-10	1.20602924314e-08
1.31927651322e-10	1.57558190939e-08
1.32343826878e-10	1.37002065248e-08
1.32760002435e-10	6.69994310032e-09
1.33176177991e-10	-2.59693870575e-09
1.33592353547e-10	-1.07153676487e-08
1.34008529103e-10	-1.46650622757e-08
1.34424704659e-10	-1.31587266639e-08
1.34840880216e-10	-7.05212357954e-09
1.35257055772e-10	1.00259267902e-09
1.35673231328e-10	7.69956548519e-09
1.36089406884e-10	1.04873533191e-08
1.36505582441e-10	8.52715820177e-09
1.36921757997e-10	2.86561503693e-09
1.37337933553e-10	-4.04208155835e-09
1.37754109109e-10	-9.37753008579e-09
1.38170284665e-10	-1.09624180289e-08
1.38586460222e-10	-8.00950319957e-09
1.39002635778e-10	-1.38663831112e-09
1.39418811334e-10	6.61818327918e-09
1.3983498689e-10	1.30586203517e-08
1.40251162447e-10	1.52535353792e-08
1.40667338003e-10	1.18937819593e-08
1.41083513559e-10	3.59493240731e-09
1.41499689115e-10	-7.02082755821e-09
1.41915864671e-10	-1.62731553788e-08
1.42332040228e-10	-2.07186723333e-08
1.42748215784e-10	-1.85381151541e-08
1.4316439134e-10	-1.02828779935e-08
1.43580566896e-10	1.31943270892e-09
1.43996742453e-10	1.23917305306e-08
1.44412918009e-10	1.9267321405e-08
1.44829093565e-10	1.97871392604e-08
1.45245269121e-10	1.39008226041e-08
1.45661444677e-10	3.65306808414e-09
1.46077620234e-10	-7.58712834226e-09
1.4649379579e-10	-1.61016758815e-08
1.46909971346e-10	-1.91478204403e-08
1.47326146902e-10	-1.5759976324e-08
1.47742322459e-10	-7.20402854038e-09
1.48158498015e-10	3.41194747455e-09
1.48574673571e-10	1.22238094646e-08
