% time-domain voltage integration by openEMS v0.0.36-88-g332ca7d @Tue Aug  5 15:10:01 2025
% start-coordinates: (0.00035477,-0.000113804,5.52e-06) m -> [1246,468,7]
% stop-coordinates: (0.00035477,-0.000113804,1.32303e-05) m -> [1246,468,22]
% t/s	voltage
0	-0
4.16175556221e-13	-0
8.32351112443e-13	-0
1.24852666866e-12	-0
1.66470222489e-12	-0
2.08087778111e-12	-0
2.49705333733e-12	-0
2.91322889355e-12	9.20373011236e-14
3.32940444977e-12	-5.67094304458e-13
3.74558000599e-12	-3.90657682899e-13
4.16175556221e-12	-4.21299720642e-13
4.57793111843e-12	3.17147350049e-12
4.99410667466e-12	-2.64586959384e-12
5.41028223088e-12	-5.37368802952e-13
5.8264577871e-12	9.19302448835e-12
6.24263334332e-12	-1.47805025241e-12
6.65880889954e-12	2.13607698153e-11
7.07498445576e-12	1.86394474074e-11
7.49116001198e-12	6.89635794218e-11
7.9073355682e-12	3.04246223484e-11
8.32351112443e-12	-2.26005320144e-11
8.73968668065e-12	-1.06463937492e-10
9.15586223687e-12	-1.96284499071e-10
9.57203779309e-12	-1.40660089479e-10
9.98821334931e-12	7.86843806257e-11
1.04043889055e-11	7.15753817326e-10
1.08205644618e-11	1.84905634554e-09
1.1236740018e-11	3.29265141541e-09
1.16529155742e-11	4.78488226818e-09
1.20690911304e-11	6.04615513211e-09
1.24852666866e-11	6.86709075715e-09
1.29014422429e-11	7.20848689073e-09
1.33176177991e-11	8.17568929223e-09
1.37337933553e-11	1.0477371637e-08
1.41499689115e-11	1.20789851454e-08
1.45661444677e-11	4.44355420515e-09
1.4982320024e-11	-3.106121782e-08
1.53984955802e-11	-1.22016480475e-07
1.58146711364e-11	-2.96731410998e-07
1.62308466926e-11	-5.67170518551e-07
1.66470222489e-11	-9.06290097191e-07
1.70631978051e-11	-1.23146477193e-06
1.74793733613e-11	-1.40813774863e-06
1.78955489175e-11	-1.28227370055e-06
1.83117244737e-11	-7.39018037876e-07
1.872790003e-11	2.32043402271e-07
1.91440755862e-11	1.49730600896e-06
1.95602511424e-11	2.79140188297e-06
1.99764266986e-11	3.78948210766e-06
2.03926022548e-11	4.21533424344e-06
2.08087778111e-11	3.94273997983e-06
2.12249533673e-11	3.04365947557e-06
2.16411289235e-11	1.7601268496e-06
2.20573044797e-11	4.12823290219e-07
2.24734800359e-11	-7.12769917754e-07
2.28896555922e-11	-1.45343015134e-06
2.33058311484e-11	-1.79485215313e-06
2.37220067046e-11	-1.83543715337e-06
2.41381822608e-11	-1.71297737239e-06
2.45543578171e-11	-1.53299426131e-06
2.49705333733e-11	-1.33160857985e-06
2.53867089295e-11	-1.08466168669e-06
2.58028844857e-11	-7.50817651607e-07
2.62190600419e-11	-3.21339106435e-07
2.66352355982e-11	1.52533100817e-07
2.70514111544e-11	5.69407927031e-07
2.74675867106e-11	8.19154621468e-07
2.78837622668e-11	8.3429343789e-07
2.8299937823e-11	6.24912324554e-07
2.87161133793e-11	2.7932982416e-07
2.91322889355e-11	-6.94729103135e-08
2.95484644917e-11	-2.96097963925e-07
2.99646400479e-11	-3.30255767622e-07
3.03808156042e-11	-1.80180625975e-07
3.07969911604e-11	7.68363106474e-08
3.12131667166e-11	3.30119116043e-07
3.16293422728e-11	4.8109050077e-07
3.2045517829e-11	4.80071328468e-07
3.24616933853e-11	3.39910057434e-07
3.28778689415e-11	1.22999284535e-07
3.32940444977e-11	-9.07604373879e-08
3.37102200539e-11	-2.39102682542e-07
3.41263956101e-11	-3.00082170668e-07
3.45425711664e-11	-2.93571824628e-07
3.49587467226e-11	-2.63565635983e-07
3.53749222788e-11	-2.51962175568e-07
3.5791097835e-11	-2.77310628682e-07
3.62072733912e-11	-3.28025185681e-07
3.66234489475e-11	-3.71637362662e-07
3.70396245037e-11	-3.73270720999e-07
3.74558000599e-11	-3.12884953502e-07
3.78719756161e-11	-1.94032832468e-07
3.82881511724e-11	-4.09529323786e-08
3.87043267286e-11	1.12072846559e-07
3.91205022848e-11	2.33295359031e-07
3.9536677841e-11	3.02513168293e-07
3.99528533972e-11	3.14276645597e-07
4.03690289535e-11	2.76615796047e-07
4.07852045097e-11	2.07078835857e-07
4.12013800659e-11	1.27910749104e-07
4.16175556221e-11	6.12895425522e-08
4.20337311783e-11	2.43956358448e-08
4.24499067346e-11	2.51555692943e-08
4.28660822908e-11	5.99196259277e-08
4.3282257847e-11	1.14054161671e-07
4.36984334032e-11	1.6636245892e-07
4.41146089595e-11	1.95620252441e-07
4.45307845157e-11	1.87303692556e-07
4.49469600719e-11	1.38010376016e-07
4.53631356281e-11	5.63020252642e-08
4.57793111843e-11	-4.00989061955e-08
4.61954867406e-11	-1.29531917636e-07
4.66116622968e-11	-1.92419881806e-07
4.7027837853e-11	-2.1641330239e-07
4.74440134092e-11	-1.98961350506e-07
4.78601889654e-11	-1.47223318869e-07
4.82763645217e-11	-7.51614241956e-08
4.86925400779e-11	5.90267570932e-10
4.91087156341e-11	6.48344136156e-08
4.95248911903e-11	1.06838335512e-07
4.99410667466e-11	1.21496073646e-07
5.03572423028e-11	1.09671783655e-07
5.0773417859e-11	7.72595982745e-08
5.11895934152e-11	3.43119088697e-08
5.16057689714e-11	-6.9909414091e-09
5.20219445277e-11	-3.49840748592e-08
5.24381200839e-11	-4.1872824541e-08
5.28542956401e-11	-2.64527850735e-08
5.32704711963e-11	5.10608166859e-09
5.36866467525e-11	4.13065581739e-08
5.41028223088e-11	6.93569712773e-08
5.4518997865e-11	8.00439949877e-08
5.49351734212e-11	7.08122400717e-08
5.53513489774e-11	4.61492524195e-08
5.57675245336e-11	1.51107103497e-08
5.61837000899e-11	-1.27083288337e-08
5.65998756461e-11	-3.07548395639e-08
5.70160512023e-11	-3.72956896477e-08
5.74322267585e-11	-3.50205671129e-08
5.78484023148e-11	-2.88934518533e-08
5.8264577871e-11	-2.36889233785e-08
5.86807534272e-11	-2.21080471707e-08
5.90969289834e-11	-2.40901357751e-08
5.95131045396e-11	-2.76156280066e-08
5.99292800959e-11	-2.98940487919e-08
6.03454556521e-11	-2.87056638459e-08
6.07616312083e-11	-2.33268616645e-08
6.11778067645e-11	-1.46800296363e-08
6.15939823207e-11	-4.79944553544e-09
6.2010157877e-11	3.77607362045e-09
6.24263334332e-11	8.83473372237e-09
6.28425089894e-11	8.97388133247e-09
6.32586845456e-11	4.22954805901e-09
6.36748601019e-11	-4.00405250622e-09
6.40910356581e-11	-1.29610066013e-08
6.45072112143e-11	-1.91921712966e-08
6.49233867705e-11	-1.97480054531e-08
6.53395623267e-11	-1.32927007734e-08
6.5755737883e-11	-1.1073563802e-09
6.61719134392e-11	1.29433299079e-08
6.65880889954e-11	2.35410365645e-08
6.70042645516e-11	2.58373593631e-08
6.74204401078e-11	1.76119067663e-08
6.78366156641e-11	6.26158038614e-10
6.82527912203e-11	-1.97150517023e-08
6.86689667765e-11	-3.59597751576e-08
6.90851423327e-11	-4.16425747218e-08
6.9501317889e-11	-3.38469390293e-08
6.99174934452e-11	-1.45887100733e-08
7.03336690014e-11	9.87826587195e-09
7.07498445576e-11	3.1416743429e-08
7.11660201138e-11	4.32010540674e-08
7.15821956701e-11	4.22344428319e-08
7.19983712263e-11	3.01440271633e-08
7.24145467825e-11	1.20585552099e-08
7.28307223387e-11	-5.5996351167e-09
7.32468978949e-11	-1.76271459096e-08
7.36630734512e-11	-2.14729845016e-08
7.40792490074e-11	-1.75907449718e-08
7.44954245636e-11	-8.63854263122e-09
7.49116001198e-11	1.65910398614e-09
7.5327775676e-11	9.72614677686e-09
7.57439512323e-11	1.29835897589e-08
7.61601267885e-11	1.04589625849e-08
7.65763023447e-11	3.05181091509e-09
7.69924779009e-11	-6.76205644257e-09
7.74086534572e-11	-1.54733140745e-08
7.78248290134e-11	-1.98150073016e-08
7.82410045696e-11	-1.77943211832e-08
7.86571801258e-11	-9.51334228061e-09
7.9073355682e-11	2.75172216957e-09
7.94895312383e-11	1.52278754606e-08
7.99057067945e-11	2.40354356418e-08
8.03218823507e-11	2.63442695436e-08
8.07380579069e-11	2.15264697179e-08
8.11542334631e-11	1.12944844033e-08
8.15704090194e-11	-7.29920474757e-10
8.19865845756e-11	-1.04042297e-08
8.24027601318e-11	-1.45123612572e-08
8.2818935688e-11	-1.21334507996e-08
8.32351112443e-11	-4.98362739965e-09
8.36512868005e-11	3.35805466767e-09
8.40674623567e-11	8.97972995961e-09
8.44836379129e-11	9.50856210435e-09
8.48998134691e-11	5.03388042361e-09
8.53159890254e-11	-2.0473352666e-09
8.57321645816e-11	-8.32267482709e-09
8.61483401378e-11	-1.10538739828e-08
8.6564515694e-11	-9.35990790429e-09
8.69806912502e-11	-4.35462339798e-09
8.73968668065e-11	1.5626089242e-09
8.78130423627e-11	5.84502149459e-09
8.82292179189e-11	6.87269982591e-09
8.86453934751e-11	4.30970348297e-09
8.90615690313e-11	-9.77352403869e-10
8.94777445876e-11	-7.21242990331e-09
8.98939201438e-11	-1.23326924228e-08
9.03100957e-11	-1.45290053322e-08
9.07262712562e-11	-1.27491658342e-08
9.11424468125e-11	-7.09968595025e-09
9.15586223687e-11	1.03112802671e-09
9.19747979249e-11	9.28577176262e-09
9.23909734811e-11	1.50182612457e-08
9.28071490373e-11	1.62480370269e-08
9.32233245936e-11	1.23775025229e-08
9.36395001498e-11	4.44959430412e-09
9.4055675706e-11	-5.09415332139e-09
9.44718512622e-11	-1.31103176648e-08
9.48880268184e-11	-1.67976916821e-08
9.53042023747e-11	-1.46575457327e-08
9.57203779309e-11	-7.06132638473e-09
9.61365534871e-11	3.59002726158e-09
9.65527290433e-11	1.36456586031e-08
9.69689045996e-11	1.94082049321e-08
9.73850801558e-11	1.85301285427e-08
9.7801255712e-11	1.10547939136e-08
9.82174312682e-11	-5.16619936067e-10
9.86336068244e-11	-1.21745191151e-08
9.90497823807e-11	-1.99382463872e-08
9.94659579369e-11	-2.13989500564e-08
9.98821334931e-11	-1.65643882499e-08
1.00298309049e-10	-7.61559634799e-09
1.00714484606e-10	2.0984484983e-09
1.01130660162e-10	9.46981160155e-09
1.01546835718e-10	1.26323412286e-08
1.01963011274e-10	1.14132273077e-08
1.0237918683e-10	7.0411224351e-09
1.02795362387e-10	1.56257107253e-09
1.03211537943e-10	-3.03539614277e-09
1.03627713499e-10	-5.37875399775e-09
1.04043889055e-10	-5.04721550665e-09
1.04460064612e-10	-2.61726418316e-09
1.04876240168e-10	5.83581780123e-10
1.05292415724e-10	3.0186593919e-09
1.0570859128e-10	3.48270827455e-09
1.06124766836e-10	1.64457218677e-09
1.06540942393e-10	-1.77420489411e-09
1.06957117949e-10	-5.2879159107e-09
1.07373293505e-10	-7.19303186458e-09
1.07789469061e-10	-6.31349145186e-09
1.08205644618e-10	-2.53056649246e-09
1.08621820174e-10	3.06638907321e-09
1.0903799573e-10	8.52402209928e-09
1.09454171286e-10	1.17029191338e-08
1.09870346842e-10	1.10678921583e-08
1.10286522399e-10	6.2960528735e-09
1.10702697955e-10	-1.44202749741e-09
1.11118873511e-10	-9.74897013117e-09
1.11535049067e-10	-1.57434643655e-08
1.11951224624e-10	-1.70408867572e-08
1.1236740018e-10	-1.27458705257e-08
1.12783575736e-10	-3.97477700753e-09
1.13199751292e-10	6.42448610977e-09
1.13615926848e-10	1.47932964212e-08
1.14032102405e-10	1.80907298031e-08
1.14448277961e-10	1.50938738175e-08
1.14864453517e-10	6.88616993982e-09
1.15280629073e-10	-3.67132416135e-09
1.1569680463e-10	-1.292619356e-08
1.16112980186e-10	-1.79115571264e-08
1.16529155742e-10	-1.72674669563e-08
1.16945331298e-10	-1.14904196713e-08
1.17361506854e-10	-2.67136800181e-09
1.17777682411e-10	6.38864477986e-09
1.18193857967e-10	1.29601393506e-08
1.18610033523e-10	1.52346045779e-08
1.19026209079e-10	1.27393500193e-08
1.19442384636e-10	6.55162094021e-09
1.19858560192e-10	-1.16725792226e-09
1.20274735748e-10	-7.78675768309e-09
1.20690911304e-10	-1.11957009774e-08
1.2110708686e-10	-1.05468164757e-08
1.21523262417e-10	-6.52784457045e-09
1.21939437973e-10	-1.0382639852e-09
1.22355613529e-10	3.67264189893e-09
1.22771789085e-10	5.87145573827e-09
1.23187964641e-10	5.0065183943e-09
1.23604140198e-10	1.74230992828e-09
1.24020315754e-10	-2.3223405976e-09
1.2443649131e-10	-5.3976720038e-09
1.24852666866e-10	-6.09261532891e-09
1.25268842423e-10	-3.95162673417e-09
1.25685017979e-10	3.46054155817e-10
1.26101193535e-10	5.14734443957e-09
1.26517369091e-10	8.35428515256e-09
1.26933544647e-10	8.28365692707e-09
1.27349720204e-10	4.44573400316e-09
1.2776589576e-10	-2.07805728181e-09
1.28182071316e-10	-8.92091495119e-09
1.28598246872e-10	-1.3308299962e-08
1.29014422429e-10	-1.32786972529e-08
1.29430597985e-10	-8.50642620231e-09
1.29846773541e-10	-5.43452116641e-10
1.30262949097e-10	7.86872814129e-09
1.30679124653e-10	1.37926306487e-08
1.3109530021e-10	1.52130056885e-08
1.31511475766e-10	1.16521610694e-08
1.31927651322e-10	4.25732063492e-09
1.32343826878e-10	-4.6543205956e-09
1.32760002435e-10	-1.23075957204e-08
1.33176177991e-10	-1.62973428641e-08
1.33592353547e-10	-1.53003515413e-08
1.34008529103e-10	-9.5765761432e-09
1.34424704659e-10	-9.26269505541e-10
1.34840880216e-10	7.81066783473e-09
1.35257055772e-10	1.37246625731e-08
1.35673231328e-10	1.48899699237e-08
1.36089406884e-10	1.10559050803e-08
1.36505582441e-10	3.71263007837e-09
1.36921757997e-10	-4.49705431227e-09
1.37337933553e-10	-1.07980073216e-08
1.37754109109e-10	-1.32807351783e-08
1.38170284665e-10	-1.14362512238e-08
1.38586460222e-10	-6.22699797281e-09
1.39002635778e-10	3.83549095262e-10
1.39418811334e-10	6.08122113777e-09
1.3983498689e-10	8.99186458625e-09
1.40251162447e-10	8.27942228665e-09
1.40667338003e-10	4.38781312673e-09
1.41083513559e-10	-1.02714801942e-09
1.41499689115e-10	-5.7469255188e-09
1.41915864671e-10	-7.82821002465e-09
1.42332040228e-10	-6.42108466398e-09
1.42748215784e-10	-2.20320062194e-09
1.4316439134e-10	2.91477736392e-09
1.43580566896e-10	6.62256763317e-09
1.43996742453e-10	7.22185683477e-09
1.44412918009e-10	4.37157787747e-09
1.44829093565e-10	-8.17160769606e-10
1.45245269121e-10	-6.25936999454e-09
1.45661444677e-10	-9.78944303398e-09
1.46077620234e-10	-9.9712740842e-09
1.4649379579e-10	-6.57472412624e-09
1.46909971346e-10	-6.37199241288e-10
1.47326146902e-10	5.88194015716e-09
1.47742322459e-10	1.0738203049e-08
1.48158498015e-10	1.21222001881e-08
1.48574673571e-10	9.28236487674e-09
