% time-domain voltage integration by openEMS v0.0.36-88-g332ca7d @Tue Aug  5 15:10:01 2025
% start-coordinates: (-0.00035527,-0.000113804,5.52e-06) m -> [44,468,7]
% stop-coordinates: (-0.00035527,-0.000113804,1.32303e-05) m -> [44,468,22]
% t/s	voltage
0	-0
4.16175556221e-13	-0
8.32351112443e-13	-0
1.24852666866e-12	-7.12825540375e-13
1.66470222489e-12	-2.7826476068e-12
2.08087778111e-12	1.16915453556e-11
2.49705333733e-12	2.03526386282e-11
2.91322889355e-12	1.20928677228e-11
3.32940444977e-12	-3.78052857032e-12
3.74558000599e-12	1.68168741736e-11
4.16175556221e-12	2.44523986562e-11
4.57793111843e-12	2.92650391767e-11
4.99410667466e-12	8.90443140229e-11
5.41028223088e-12	7.86031170708e-11
5.8264577871e-12	1.34420322529e-10
6.24263334332e-12	9.06362524096e-11
6.65880889954e-12	-2.19864509628e-11
7.07498445576e-12	-2.30153738949e-10
7.49116001198e-12	-5.14624393447e-10
7.9073355682e-12	-9.31344893568e-10
8.32351112443e-12	-1.35841046051e-09
8.73968668065e-12	-1.7946356623e-09
9.15586223687e-12	-2.18639999855e-09
9.57203779309e-12	-2.46917301883e-09
9.98821334931e-12	-2.55286590478e-09
1.04043889055e-11	-2.20717584487e-09
1.08205644618e-11	-1.0631458075e-09
1.1236740018e-11	1.05268944603e-09
1.16529155742e-11	4.2064945277e-09
1.20690911304e-11	7.93207566296e-09
1.24852666866e-11	1.11683193804e-08
1.29014422429e-11	1.2850990605e-08
1.33176177991e-11	1.2003374128e-08
1.37337933553e-11	8.27182325414e-09
1.41499689115e-11	1.76532147234e-09
1.45661444677e-11	-6.9833578642e-09
1.4982320024e-11	-1.79666831968e-08
1.53984955802e-11	-3.06764660341e-08
1.58146711364e-11	-4.31976880932e-08
1.62308466926e-11	-5.15076630236e-08
1.66470222489e-11	-4.98957366535e-08
1.70631978051e-11	-3.43356371113e-08
1.74793733613e-11	-7.73591782299e-09
1.78955489175e-11	1.62989832742e-08
1.83117244737e-11	1.54437715394e-08
1.872790003e-11	-3.15794101979e-08
1.91440755862e-11	-1.29132175619e-07
1.95602511424e-11	-2.5165021178e-07
1.99764266986e-11	-3.43031171468e-07
2.03926022548e-11	-3.3421726009e-07
2.08087778111e-11	-1.75399500257e-07
2.12249533673e-11	1.32374032624e-07
2.16411289235e-11	5.23090147198e-07
2.20573044797e-11	8.80552715188e-07
2.24734800359e-11	1.07877645306e-06
2.28896555922e-11	1.03087091929e-06
2.33058311484e-11	7.24483292913e-07
2.37220067046e-11	2.2936478139e-07
2.41381822608e-11	-3.24919602335e-07
2.45543578171e-11	-7.88303029964e-07
2.49705333733e-11	-1.03178609123e-06
2.53867089295e-11	-9.78894707515e-07
2.58028844857e-11	-6.23006240374e-07
2.62190600419e-11	-3.01574129558e-08
2.66352355982e-11	6.72930578816e-07
2.70514111544e-11	1.32564115773e-06
2.74675867106e-11	1.77310608507e-06
2.78837622668e-11	1.90942244416e-06
2.8299937823e-11	1.70993503446e-06
2.87161133793e-11	1.23873130775e-06
2.91322889355e-11	6.26392587577e-07
2.95484644917e-11	2.60790402051e-08
2.99646400479e-11	-4.33802361144e-07
3.03808156042e-11	-6.82571563715e-07
3.07969911604e-11	-7.15425432674e-07
3.12131667166e-11	-5.78978969656e-07
3.16293422728e-11	-3.45895031728e-07
3.2045517829e-11	-8.97160035152e-08
3.24616933853e-11	1.31252406277e-07
3.28778689415e-11	2.80164680788e-07
3.32940444977e-11	3.41319402963e-07
3.37102200539e-11	3.1691978819e-07
3.41263956101e-11	2.22989871901e-07
3.45425711664e-11	8.5350301493e-08
3.49587467226e-11	-6.53383094296e-08
3.53749222788e-11	-1.99005053325e-07
3.5791097835e-11	-2.91494345106e-07
3.62072733912e-11	-3.29119563602e-07
3.66234489475e-11	-3.10635765999e-07
3.70396245037e-11	-2.46774850332e-07
3.74558000599e-11	-1.57238098986e-07
3.78719756161e-11	-6.55021352713e-08
3.82881511724e-11	7.2713224053e-09
3.87043267286e-11	4.69859335883e-08
3.91205022848e-11	4.90828437893e-08
3.9536677841e-11	1.81174331093e-08
3.99528533972e-11	-3.53551552479e-08
4.03690289535e-11	-9.82978889397e-08
4.07852045097e-11	-1.5777968887e-07
4.12013800659e-11	-2.0220494612e-07
4.16175556221e-11	-2.21721818683e-07
4.20337311783e-11	-2.08633736065e-07
4.24499067346e-11	-1.59251231757e-07
4.28660822908e-11	-7.63787157965e-08
4.3282257847e-11	2.89406241194e-08
4.36984334032e-11	1.37709618819e-07
4.41146089595e-11	2.26761367905e-07
4.45307845157e-11	2.74721923432e-07
4.49469600719e-11	2.68640571122e-07
4.53631356281e-11	2.08734977747e-07
4.57793111843e-11	1.08877135752e-07
4.61954867406e-11	-6.93278776054e-09
4.66116622968e-11	-1.11523834168e-07
4.7027837853e-11	-1.8221125142e-07
4.74440134092e-11	-2.06731045616e-07
4.78601889654e-11	-1.85433755462e-07
4.82763645217e-11	-1.29875583177e-07
4.86925400779e-11	-5.81653039067e-08
4.91087156341e-11	1.04925782507e-08
4.95248911903e-11	6.0793216905e-08
4.99410667466e-11	8.45214724876e-08
5.03572423028e-11	8.16683436433e-08
5.0773417859e-11	5.94090325823e-08
5.11895934152e-11	2.95040940568e-08
5.16057689714e-11	4.56121289349e-09
5.20219445277e-11	-5.84183182384e-09
5.24381200839e-11	1.86379060102e-09
5.28542956401e-11	2.40665914975e-08
5.32704711963e-11	5.15305718096e-08
5.36866467525e-11	7.29092803908e-08
5.41028223088e-11	7.90451220034e-08
5.4518997865e-11	6.64792860761e-08
5.49351734212e-11	3.85838949679e-08
5.53513489774e-11	3.95511472184e-09
5.57675245336e-11	-2.71360421911e-08
5.61837000899e-11	-4.64614260398e-08
5.65998756461e-11	-5.06240263043e-08
5.70160512023e-11	-4.15334933113e-08
5.74322267585e-11	-2.47473190829e-08
5.78484023148e-11	-6.90382895296e-09
5.8264577871e-11	6.89884568916e-09
5.86807534272e-11	1.46637774145e-08
5.90969289834e-11	1.73592504815e-08
5.95131045396e-11	1.77188970718e-08
5.99292800959e-11	1.85172850387e-08
6.03454556521e-11	2.10740189743e-08
6.07616312083e-11	2.48252816082e-08
6.11778067645e-11	2.76872514915e-08
6.15939823207e-11	2.71946229979e-08
6.2010157877e-11	2.15529324388e-08
6.24263334332e-11	1.03959949538e-08
6.28425089894e-11	-5.056706609e-09
6.32586845456e-11	-2.23400504762e-08
6.36748601019e-11	-3.82105302954e-08
6.40910356581e-11	-4.93399467949e-08
6.45072112143e-11	-5.28250896359e-08
6.49233867705e-11	-4.69723326901e-08
6.53395623267e-11	-3.20496778006e-08
6.5755737883e-11	-1.0718520238e-08
6.61719134392e-11	1.21683967347e-08
6.65880889954e-11	3.07037985037e-08
6.70042645516e-11	3.98926618406e-08
6.74204401078e-11	3.75547948295e-08
6.78366156641e-11	2.5472135623e-08
6.82527912203e-11	8.83319409284e-09
6.86689667765e-11	-5.73229477774e-09
6.90851423327e-11	-1.28867357896e-08
6.9501317889e-11	-1.05764663694e-08
6.99174934452e-11	-8.47799205839e-10
7.03336690014e-11	1.1403661293e-08
7.07498445576e-11	2.05711139234e-08
7.11660201138e-11	2.26406089432e-08
7.15821956701e-11	1.65680981712e-08
7.19983712263e-11	4.39456589174e-09
7.24145467825e-11	-9.85342668569e-09
7.28307223387e-11	-2.16833042632e-08
7.32468978949e-11	-2.76304997771e-08
7.36630734512e-11	-2.62400718931e-08
7.40792490074e-11	-1.82877922805e-08
7.44954245636e-11	-6.28517898837e-09
7.49116001198e-11	6.21180162863e-09
7.5327775676e-11	1.58713432397e-08
7.57439512323e-11	2.0252946209e-08
7.61601267885e-11	1.85162795097e-08
7.65763023447e-11	1.13883202868e-08
7.69924779009e-11	9.07878732262e-10
7.74086534572e-11	-1.01071565006e-08
7.78248290134e-11	-1.86657651557e-08
7.82410045696e-11	-2.23072436079e-08
7.86571801258e-11	-1.98029661558e-08
7.9073355682e-11	-1.17152231804e-08
7.94895312383e-11	-5.15888078784e-10
7.99057067945e-11	1.00747460929e-08
8.03218823507e-11	1.63577990597e-08
8.07380579069e-11	1.63002051301e-08
8.11542334631e-11	1.04141382185e-08
8.15704090194e-11	1.74193919705e-09
8.19865845756e-11	-5.54503862271e-09
8.24027601318e-11	-8.06523894892e-09
8.2818935688e-11	-4.80185302631e-09
8.32351112443e-11	2.5128889386e-09
8.36512868005e-11	1.04087765629e-08
8.40674623567e-11	1.53053402174e-08
8.44836379129e-11	1.51392197667e-08
8.48998134691e-11	1.00189088692e-08
8.53159890254e-11	1.97543277569e-09
8.57321645816e-11	-6.1341415003e-09
8.61483401378e-11	-1.17185184889e-08
8.6564515694e-11	-1.34296723187e-08
8.69806912502e-11	-1.13575563954e-08
8.73968668065e-11	-6.91447288315e-09
8.78130423627e-11	-2.19229166071e-09
8.82292179189e-11	7.68038702081e-10
8.86453934751e-11	8.73851990768e-10
8.90615690313e-11	-1.71153108353e-09
8.94777445876e-11	-5.55568691052e-09
8.98939201438e-11	-8.55649717746e-09
9.03100957e-11	-8.89656104341e-09
9.07262712562e-11	-5.79126918643e-09
9.11424468125e-11	2.94348441454e-10
9.15586223687e-11	7.67074587182e-09
9.19747979249e-11	1.42083020904e-08
9.23909734811e-11	1.78968209141e-08
9.28071490373e-11	1.73609620013e-08
9.32233245936e-11	1.22596173213e-08
9.36395001498e-11	3.48340746525e-09
9.4055675706e-11	-6.85358159114e-09
9.44718512622e-11	-1.57808923706e-08
9.48880268184e-11	-2.02626152523e-08
9.53042023747e-11	-1.84068877918e-08
9.57203779309e-11	-1.03174468413e-08
9.61365534871e-11	1.52289641314e-09
9.65527290433e-11	1.30763369022e-08
9.69689045996e-11	2.02640931812e-08
9.73850801558e-11	2.06343612197e-08
9.7801255712e-11	1.4273220883e-08
9.82174312682e-11	3.75968521593e-09
9.86336068244e-11	-7.10164574369e-09
9.90497823807e-11	-1.47590908384e-08
9.94659579369e-11	-1.71275102434e-08
9.98821334931e-11	-1.41485593241e-08
1.00298309049e-10	-7.48153225483e-09
1.00714484606e-10	3.0660581192e-10
1.01130660162e-10	6.60043608658e-09
1.01546835718e-10	9.58026324938e-09
1.01963011274e-10	8.67206895183e-09
1.0237918683e-10	4.68062216763e-09
1.02795362387e-10	-5.74699093869e-10
1.03211537943e-10	-4.94803628626e-09
1.03627713499e-10	-6.82635262206e-09
1.04043889055e-10	-5.7058298919e-09
1.04460064612e-10	-2.40041474198e-09
1.04876240168e-10	1.49397026e-09
1.05292415724e-10	4.31900422371e-09
1.0570859128e-10	5.07430703012e-09
1.06124766836e-10	3.72042620322e-09
1.06540942393e-10	1.03666997556e-09
1.06957117949e-10	-1.73593303621e-09
1.07373293505e-10	-3.44492805116e-09
1.07789469061e-10	-3.28129518001e-09
1.08205644618e-10	-1.07128338839e-09
1.08621820174e-10	2.60932199458e-09
1.0903799573e-10	6.47550871258e-09
1.09454171286e-10	8.80100559097e-09
1.09870346842e-10	8.01503083347e-09
1.10286522399e-10	3.53006406051e-09
1.10702697955e-10	-3.75222265758e-09
1.11118873511e-10	-1.15121892019e-08
1.11535049067e-10	-1.67355329594e-08
1.11951224624e-10	-1.70538991817e-08
1.1236740018e-10	-1.18060912158e-08
1.12783575736e-10	-2.46046447105e-09
1.13199751292e-10	7.94875723575e-09
1.13615926848e-10	1.59591562188e-08
1.14032102405e-10	1.89820521523e-08
1.14448277961e-10	1.61622983885e-08
1.14864453517e-10	8.54030748898e-09
1.15280629073e-10	-1.40997610809e-09
1.1569680463e-10	-1.06395760535e-08
1.16112980186e-10	-1.64005045655e-08
1.16529155742e-10	-1.70743504335e-08
1.16945331298e-10	-1.26057591587e-08
1.17361506854e-10	-4.57137397381e-09
1.17777682411e-10	4.31501921694e-09
1.18193857967e-10	1.11321077356e-08
1.18610033523e-10	1.37689070145e-08
1.19026209079e-10	1.17164892788e-08
1.19442384636e-10	6.130800978e-09
1.19858560192e-10	-7.0743938832e-10
1.20274735748e-10	-6.35373581526e-09
1.20690911304e-10	-9.12173153678e-09
1.2110708686e-10	-8.53954218449e-09
1.21523262417e-10	-5.30107777119e-09
1.21939437973e-10	-8.36571249774e-10
1.22355613529e-10	3.21012992577e-09
1.22771789085e-10	5.47063502832e-09
1.23187964641e-10	5.23742910152e-09
1.23604140198e-10	2.67895720885e-09
1.24020315754e-10	-1.1258258284e-09
1.2443649131e-10	-4.50667170249e-09
1.24852666866e-10	-5.82831910512e-09
1.25268842423e-10	-4.26417733068e-09
1.25685017979e-10	-3.23361387146e-10
1.26101193535e-10	4.27557518556e-09
1.26517369091e-10	7.30679636241e-09
1.26933544647e-10	7.1094518328e-09
1.27349720204e-10	3.43865950991e-09
1.2776589576e-10	-2.41865888428e-09
1.28182071316e-10	-8.17429715583e-09
1.28598246872e-10	-1.14978905841e-08
1.29014422429e-10	-1.09849417895e-08
1.29430597985e-10	-6.60999122104e-09
1.29846773541e-10	3.37928799526e-10
1.30262949097e-10	7.66455787726e-09
1.30679124653e-10	1.30145881849e-08
1.3109530021e-10	1.45255054096e-08
1.31511475766e-10	1.14442854637e-08
1.31927651322e-10	4.46640034679e-09
1.32343826878e-10	-4.31630464703e-09
1.32760002435e-10	-1.20864139252e-08
1.33176177991e-10	-1.61895243878e-08
1.33592353547e-10	-1.52021756294e-08
1.34008529103e-10	-9.48595607619e-09
1.34424704659e-10	-1.03372504653e-09
1.34840880216e-10	7.28634863556e-09
1.35257055772e-10	1.28271387956e-08
1.35673231328e-10	1.40474106236e-08
1.36089406884e-10	1.08802167276e-08
1.36505582441e-10	4.60125598734e-09
1.36921757997e-10	-2.70282299319e-09
1.37337933553e-10	-8.78072028976e-09
1.37754109109e-10	-1.18369347102e-08
1.38170284665e-10	-1.10150428778e-08
1.38586460222e-10	-6.72739025598e-09
1.39002635778e-10	-5.726311543e-10
1.39418811334e-10	5.17646175924e-09
1.3983498689e-10	8.37376834539e-09
1.40251162447e-10	7.93863344506e-09
1.40667338003e-10	4.27868457331e-09
1.41083513559e-10	-8.54199995459e-10
1.41499689115e-10	-5.16579115595e-09
1.41915864671e-10	-6.88303189444e-09
1.42332040228e-10	-5.46059356066e-09
1.42748215784e-10	-1.71717623454e-09
1.4316439134e-10	2.60449001255e-09
1.43580566896e-10	5.64578972462e-09
1.43996742453e-10	6.16427747735e-09
1.44412918009e-10	3.91981373749e-09
1.44829093565e-10	-3.1808698904e-10
1.45245269121e-10	-5.00778754575e-09
1.45661444677e-10	-8.36846933416e-09
1.46077620234e-10	-8.95237745047e-09
1.4649379579e-10	-6.20212584068e-09
1.46909971346e-10	-7.95622862731e-10
1.47326146902e-10	5.45947617669e-09
1.47742322459e-10	1.02230232613e-08
1.48158498015e-10	1.15305375248e-08
1.48574673571e-10	8.64164967362e-09
