% time-domain current integration by openEMS v0.0.36-88-g332ca7d @Tue Aug  5 15:10:01 2025
% start-coordinates: (0.00035427,0.000107383,9.2303e-06) m -> [1245,851,13]
% stop-coordinates: (0.00035527,0.000119912,9.2303e-06) m -> [1247,875,13]
% t/s	current
3.84635449373e-16	0
4.16560191671e-13	0
8.32735747892e-13	0
1.24891130411e-12	0
1.66508686033e-12	0
2.08126241656e-12	0
2.49743797278e-12	5.18267101119e-17
2.913613529e-12	8.89303279454e-15
3.32978908522e-12	-1.23292684317e-14
3.74596464144e-12	9.2191730053e-14
4.16214019766e-12	-4.56651962067e-14
4.57831575388e-12	7.06198405418e-14
4.9944913101e-12	2.820816226e-13
5.41066686633e-12	-2.05527394691e-13
5.82684242255e-12	-7.56464796402e-15
6.24301797877e-12	-3.32173850058e-13
6.65919353499e-12	-8.17798303035e-13
7.07536909121e-12	-1.26577220927e-12
7.49154464743e-12	-1.42986772596e-12
7.90772020365e-12	-6.09828051772e-13
8.32389575987e-12	1.83208851735e-12
8.7400713161e-12	5.40679263514e-12
9.15624687232e-12	1.00152074134e-11
9.57242242854e-12	1.39331463034e-11
9.98859798476e-12	1.40480214267e-11
1.0404773541e-11	6.61999058002e-12
1.08209490972e-11	-1.07357647078e-11
1.12371246534e-11	-3.40465884652e-11
1.16533002096e-11	-5.96130853014e-11
1.20694757659e-11	-7.76081907072e-11
1.24856513221e-11	-8.2251420952e-11
1.29018268783e-11	-6.8517982954e-11
1.33180024345e-11	-4.54733820043e-11
1.37341779908e-11	-2.11426137015e-11
1.4150353547e-11	8.74741338391e-12
1.45665291032e-11	6.20009044106e-11
1.49827046594e-11	1.7068817193e-10
1.53988802156e-11	3.8504943678e-10
1.58150557719e-11	7.86120946117e-10
1.62312313281e-11	1.50253498532e-09
1.66474068843e-11	2.73257128036e-09
1.70635824405e-11	4.73065497886e-09
1.74797579967e-11	7.68139951646e-09
1.7895933553e-11	1.14780362992e-08
1.83121091092e-11	1.54104675687e-08
1.87282846654e-11	1.7988236678e-08
1.91444602216e-11	1.71001595106e-08
1.95606357778e-11	1.06778630382e-08
1.99768113341e-11	-2.26496088551e-09
2.03929868903e-11	-2.06279100468e-08
2.08091624465e-11	-4.08467499824e-08
2.12253380027e-11	-5.75978162942e-08
2.1641513559e-11	-6.5536745808e-08
2.20576891152e-11	-6.14324875414e-08
2.24738646714e-11	-4.57211903893e-08
2.28900402276e-11	-2.26422667282e-08
2.33062157838e-11	1.21857346436e-09
2.37223913401e-11	1.93913702873e-08
2.41385668963e-11	2.78978404822e-08
2.45547424525e-11	2.65131543387e-08
2.49709180087e-11	1.84502262357e-08
2.53870935649e-11	8.73829986148e-09
2.58032691212e-11	2.10136641421e-09
2.62194446774e-11	1.2254354198e-09
2.66356202336e-11	6.03820460299e-09
2.70517957898e-11	1.41158320588e-08
2.74679713461e-11	2.19013571723e-08
2.78841469023e-11	2.61631925014e-08
2.83003224585e-11	2.51294647313e-08
2.87164980147e-11	1.89155500152e-08
2.91326735709e-11	9.21760179295e-09
2.95488491272e-11	-1.5064993697e-09
2.99650246834e-11	-1.0961500152e-08
3.03812002396e-11	-1.76684551434e-08
3.07973757958e-11	-2.11724344723e-08
3.1213551352e-11	-2.18261764218e-08
3.16297269083e-11	-2.03771062246e-08
3.20459024645e-11	-1.75931624824e-08
3.24620780207e-11	-1.40793687819e-08
3.28782535769e-11	-1.02855057804e-08
3.32944291332e-11	-6.59227028521e-09
3.37106046894e-11	-3.36317329541e-09
3.41267802456e-11	-8.90911233675e-10
3.45429558018e-11	7.20393522613e-10
3.4959131358e-11	1.6484503762e-09
3.53753069143e-11	2.31845120879e-09
3.57914824705e-11	3.23473137165e-09
3.62076580267e-11	4.73556660552e-09
3.66238335829e-11	6.79484646327e-09
3.70400091391e-11	8.97290775015e-09
3.74561846954e-11	1.0555362806e-08
3.78723602516e-11	1.08232605101e-08
3.82885358078e-11	9.34860810986e-09
3.8704711364e-11	6.19328588414e-09
3.91208869202e-11	1.91426385854e-09
3.95370624765e-11	-2.60882027092e-09
3.99532380327e-11	-6.45333875227e-09
4.03694135889e-11	-8.93092444443e-09
4.07855891451e-11	-9.75134017978e-09
4.12017647014e-11	-9.03977070976e-09
4.16179402576e-11	-7.22123738583e-09
4.20341158138e-11	-4.84570827908e-09
4.245029137e-11	-2.42765607616e-09
4.28664669262e-11	-3.49300838254e-10
4.32826424825e-11	1.17791754128e-09
4.36988180387e-11	2.09628447934e-09
4.41149935949e-11	2.47041209711e-09
4.45311691511e-11	2.44561171314e-09
4.49473447073e-11	2.20008677942e-09
4.53635202636e-11	1.89901472325e-09
4.57796958198e-11	1.65289115728e-09
4.6195871376e-11	1.49112633352e-09
4.66120469322e-11	1.37372180298e-09
4.70282224885e-11	1.23254595419e-09
4.74443980447e-11	1.02367747612e-09
4.78605736009e-11	7.67305385896e-10
4.82767491571e-11	5.44636391542e-10
4.86929247133e-11	4.57407389742e-10
4.91091002696e-11	5.66776403588e-10
4.95252758258e-11	8.45084557888e-10
4.9941451382e-11	1.17522536147e-09
5.03576269382e-11	1.39407529964e-09
5.07738024944e-11	1.36605671219e-09
5.11899780507e-11	1.048731324e-09
5.16061536069e-11	5.12598741231e-10
5.20223291631e-11	-8.40246275335e-11
5.24385047193e-11	-5.62291047057e-10
5.28546802755e-11	-7.94344645616e-10
5.32708558318e-11	-7.47874484563e-10
5.3687031388e-11	-4.86529649901e-10
5.41032069442e-11	-1.32498692573e-10
5.45193825004e-11	1.86627338583e-10
5.49355580567e-11	3.76298714411e-10
5.53517336129e-11	3.91273874412e-10
5.57679091691e-11	2.25296101219e-10
5.61840847253e-11	-1.01400755848e-10
5.66002602815e-11	-5.48253997756e-10
5.70164358378e-11	-1.0475081913e-09
5.7432611394e-11	-1.49931667082e-09
5.78487869502e-11	-1.77954628811e-09
5.82649625064e-11	-1.77288084213e-09
5.86811380626e-11	-1.41822964483e-09
5.90973136189e-11	-7.48929918082e-10
5.95134891751e-11	9.6064642352e-11
5.99296647313e-11	9.02683816584e-10
6.03458402875e-11	1.44697587245e-09
6.07620158438e-11	1.57444712823e-09
6.11781914e-11	1.25918286908e-09
6.15943669562e-11	6.18564199861e-10
6.20105425124e-11	-1.27685431672e-10
6.24267180686e-11	-7.36437799631e-10
6.28428936249e-11	-1.03151298614e-09
6.32590691811e-11	-9.64375246326e-10
6.36752447373e-11	-6.2009652968e-10
6.40914202935e-11	-1.69833327957e-10
6.45075958497e-11	2.07391284701e-10
6.4923771406e-11	3.97273658415e-10
6.53399469622e-11	3.82575277014e-10
6.57561225184e-11	2.28002394742e-10
6.61722980746e-11	3.44466885571e-11
6.65884736309e-11	-1.1460344479e-10
6.70046491871e-11	-1.81307024949e-10
6.74208247433e-11	-1.74027292577e-10
6.78370002995e-11	-1.23924204232e-10
6.82531758557e-11	-6.56335333304e-11
6.8669351412e-11	-2.15781264384e-11
6.90855269682e-11	-5.38545987319e-12
6.95017025244e-11	-2.65066735922e-11
6.99178780806e-11	-8.95233401299e-11
7.03340536368e-11	-1.87777057792e-10
7.07502291931e-11	-2.98601032789e-10
7.11664047493e-11	-3.82791298659e-10
7.15825803055e-11	-3.98450272776e-10
7.19987558617e-11	-3.20024562406e-10
7.24149314179e-11	-1.52647713914e-10
7.28311069742e-11	6.49688913779e-11
7.32472825304e-11	2.72643185806e-10
7.36634580866e-11	4.12344547396e-10
7.40796336428e-11	4.49319220719e-10
7.44958091991e-11	3.89596771511e-10
7.49119847553e-11	2.74807315792e-10
7.53281603115e-11	1.68160887992e-10
7.57443358677e-11	1.26283372648e-10
7.61605114239e-11	1.72617989347e-10
7.65766869802e-11	2.85042822679e-10
7.69928625364e-11	3.99419580743e-10
7.74090380926e-11	4.40976394289e-10
7.78252136488e-11	3.57027712949e-10
7.8241389205e-11	1.47514167548e-10
7.86575647613e-11	-1.33217409326e-10
7.90737403175e-11	-3.9634354132e-10
7.94899158737e-11	-5.57361157227e-10
7.99060914299e-11	-5.70489322449e-10
8.03222669862e-11	-4.44021597268e-10
8.07384425424e-11	-2.30729629846e-10
8.11546180986e-11	-1.43752978271e-12
8.15707936548e-11	1.78943346252e-10
8.1986969211e-11	2.72556033298e-10
8.24031447673e-11	2.69825384258e-10
8.28193203235e-11	1.84426529604e-10
8.32354958797e-11	4.85212911516e-11
8.36516714359e-11	-9.4951171925e-11
8.40678469921e-11	-2.00618271995e-10
8.44840225484e-11	-2.28791860457e-10
8.49001981046e-11	-1.62541397009e-10
8.53163736608e-11	-1.69533744682e-11
8.5732549217e-11	1.6113578527e-10
8.61487247733e-11	3.06969893948e-10
8.65649003295e-11	3.62094437767e-10
8.69810758857e-11	2.98992219872e-10
8.73972514419e-11	1.3332321358e-10
8.78134269981e-11	-8.03110841718e-11
8.82296025544e-11	-2.68246092006e-10
8.86457781106e-11	-3.64542729336e-10
8.90619536668e-11	-3.34975380767e-10
8.9478129223e-11	-1.88958793057e-10
8.98943047792e-11	2.25439025087e-11
9.03104803355e-11	2.25360854977e-10
9.07266558917e-11	3.49150514056e-10
9.11428314479e-11	3.51979778657e-10
9.15590070041e-11	2.38039060685e-10
9.19751825603e-11	5.47801595752e-11
9.23913581166e-11	-1.26953045299e-10
9.28075336728e-11	-2.4351551331e-10
9.3223709229e-11	-2.64000599159e-10
9.36398847852e-11	-2.00684038831e-10
9.40560603415e-11	-9.83218229056e-11
9.44722358977e-11	-9.91830489266e-12
9.48884114539e-11	2.90822504967e-11
9.53045870101e-11	1.2663350403e-11
9.57207625663e-11	-3.78567246995e-11
9.61369381226e-11	-8.83747866554e-11
9.65531136788e-11	-1.09984951702e-10
9.6969289235e-11	-8.68971700152e-11
9.73854647912e-11	-2.0844151058e-11
9.78016403474e-11	7.34678290426e-11
9.82178159037e-11	1.70385094922e-10
9.86339914599e-11	2.40570952048e-10
9.90501670161e-11	2.56825560818e-10
9.94663425723e-11	2.03653455211e-10
9.98825181286e-11	8.76660063986e-11
1.00298693685e-10	-5.94877341831e-11
1.00714869241e-10	-1.90028257019e-10
1.01131044797e-10	-2.55534926552e-10
1.01547220353e-10	-2.28554605797e-10
1.0196339591e-10	-1.15039630599e-10
1.02379571466e-10	4.64573171599e-11
1.02795747022e-10	1.99053093453e-10
1.03211922578e-10	2.87871976257e-10
1.03628098135e-10	2.79385403701e-10
1.04044273691e-10	1.72582406699e-10
1.04460449247e-10	-2.35031612228e-13
1.04876624803e-10	-1.84043141838e-10
1.05292800359e-10	-3.16126402833e-10
1.05708975916e-10	-3.48730128108e-10
1.06125151472e-10	-2.65879651629e-10
1.06541327028e-10	-9.24498602672e-11
1.06957502584e-10	1.12494139004e-10
1.07373678141e-10	2.77828454687e-10
1.07789853697e-10	3.47120554522e-10
1.08206029253e-10	3.01429575744e-10
1.08622204809e-10	1.65017444154e-10
1.09038380365e-10	-7.73878010285e-12
1.09454555922e-10	-1.56289467479e-10
1.09870731478e-10	-2.36286712418e-10
1.10286907034e-10	-2.33123076399e-10
1.1070308259e-10	-1.60175706032e-10
1.11119258147e-10	-4.94028706832e-11
1.11535433703e-10	6.19099493893e-11
1.11951609259e-10	1.41374606466e-10
1.12367784815e-10	1.68010050317e-10
1.12783960371e-10	1.38531727756e-10
1.13200135928e-10	6.84242731919e-11
1.13616311484e-10	-1.27636139505e-11
1.1403248704e-10	-7.01814925619e-11
1.14448662596e-10	-7.88912546401e-11
1.14864838153e-10	-3.5733509901e-11
1.15281013709e-10	3.72995419273e-11
1.15697189265e-10	1.0341554002e-10
1.16113364821e-10	1.26584451254e-10
1.16529540377e-10	8.98333490928e-11
1.16945715934e-10	2.86007545772e-12
1.1736189149e-10	-1.02564963467e-10
1.17778067046e-10	-1.85451931589e-10
1.18194242602e-10	-2.10712544635e-10
1.18610418159e-10	-1.63327615321e-10
1.19026593715e-10	-5.2433318104e-11
1.19442769271e-10	8.96462695743e-11
1.19858944827e-10	2.16689832744e-10
1.20275120383e-10	2.82243062255e-10
1.2069129594e-10	2.5730206854e-10
1.21107471496e-10	1.43017986343e-10
1.21523647052e-10	-2.57152094757e-11
1.21939822608e-10	-1.90844826053e-10
1.22355998164e-10	-2.91303814404e-10
1.22772173721e-10	-2.89805179854e-10
1.23188349277e-10	-1.85895243643e-10
1.23604524833e-10	-1.7710426875e-11
1.24020700389e-10	1.54749352221e-10
1.24436875946e-10	2.73784994675e-10
1.24853051502e-10	3.03607056162e-10
1.25269227058e-10	2.40257258532e-10
1.25685402614e-10	1.08812001076e-10
1.2610157817e-10	-4.78009021254e-11
1.26517753727e-10	-1.81813855638e-10
1.26933929283e-10	-2.54315540849e-10
1.27350104839e-10	-2.44480130585e-10
1.27766280395e-10	-1.56762353098e-10
1.28182455952e-10	-2.06651033091e-11
1.28598631508e-10	1.17169038361e-10
1.29014807064e-10	2.09490147451e-10
1.2943098262e-10	2.25564497636e-10
1.29847158176e-10	1.64528293767e-10
1.30263333733e-10	5.45485219494e-11
1.30679509289e-10	-5.89994372802e-11
1.31095684845e-10	-1.33277486269e-10
1.31511860401e-10	-1.44847217554e-10
1.31928035958e-10	-9.63945451238e-11
1.32344211514e-10	-1.33600647906e-11
1.3276038707e-10	6.9031065586e-11
1.33176562626e-10	1.17744189398e-10
1.33592738182e-10	1.14355636072e-10
1.34008913739e-10	5.97108196221e-11
1.34425089295e-10	-2.55135756272e-11
1.34841264851e-10	-1.07061817745e-10
1.35257440407e-10	-1.48748166562e-10
1.35673615964e-10	-1.27059973654e-10
1.3608979152e-10	-4.24926309417e-11
1.36505967076e-10	7.66365096383e-11
1.36922142632e-10	1.83445411639e-10
1.37338318188e-10	2.32726338201e-10
1.37754493745e-10	1.99628008568e-10
1.38170669301e-10	9.25031509724e-11
1.38586844857e-10	-5.10332817671e-11
1.39003020413e-10	-1.79003714629e-10
1.3941919597e-10	-2.46746983956e-10
1.39835371526e-10	-2.31077990076e-10
1.40251547082e-10	-1.3825335321e-10
1.40667722638e-10	1.62683365043e-12
1.41083898194e-10	1.44907863486e-10
1.41500073751e-10	2.46872189358e-10
1.41916249307e-10	2.74613332074e-10
1.42332424863e-10	2.1691701213e-10
1.42748600419e-10	8.97187116267e-11
1.43164775976e-10	-6.7040033247e-11
1.43580951532e-10	-2.00471639289e-10
1.43997127088e-10	-2.64071764455e-10
1.44413302644e-10	-2.35230890322e-10
1.448294782e-10	-1.25570068232e-10
1.45245653757e-10	2.38303543565e-11
1.45661829313e-10	1.59028887281e-10
1.46078004869e-10	2.34433583657e-10
1.46494180425e-10	2.29085472814e-10
1.46910355982e-10	1.51262599668e-10
1.47326531538e-10	3.25891258424e-11
1.47742707094e-10	-8.44514527754e-11
1.4815888265e-10	-1.61611890537e-10
1.48575058206e-10	-1.75523554025e-10
