% time-domain current integration by openEMS v0.0.36-88-g332ca7d @Tue Aug  5 15:10:01 2025
% start-coordinates: (-0.00035577,0.000202722,9.2303e-06) m -> [43,1004,13]
% stop-coordinates: (-0.00035477,0.00021527,9.2303e-06) m -> [45,1027,13]
% t/s	current
3.84635449373e-16	0
4.16560191671e-13	-6.15592854469e-11
8.32735747892e-13	-6.37945321569e-11
1.24891130411e-12	1.28352103251e-11
1.66508686033e-12	2.90878071629e-10
2.08126241656e-12	9.67482427505e-10
2.49743797278e-12	2.25902141437e-09
2.913613529e-12	4.2555790003e-09
3.32978908522e-12	6.63934907053e-09
3.74596464144e-12	8.31302671145e-09
4.16214019766e-12	7.17959025565e-09
4.57831575388e-12	2.29669783192e-10
4.9944913101e-12	-1.5531853137e-08
5.41066686633e-12	-4.14998417853e-08
5.82684242255e-12	-7.54634896794e-08
6.24301797877e-12	-1.10235149009e-07
6.65919353499e-12	-1.34038273814e-07
7.07536909121e-12	-1.33416989456e-07
7.49154464743e-12	-9.82298615781e-08
7.90772020365e-12	-2.68559912087e-08
8.32389575987e-12	7.08864433818e-08
8.7400713161e-12	1.751462122e-07
9.15624687232e-12	2.61849294247e-07
9.57242242854e-12	3.10736027131e-07
9.98859798476e-12	3.12137871106e-07
1.0404773541e-11	2.69459405899e-07
1.08209490972e-11	1.96634744043e-07
1.12371246534e-11	1.12149123765e-07
1.16533002096e-11	3.26914069149e-08
1.20694757659e-11	-3.08982848196e-08
1.24856513221e-11	-7.44183736856e-08
1.29018268783e-11	-9.86113732893e-08
1.33180024345e-11	-1.0656721372e-07
1.37341779908e-11	-1.01677251507e-07
1.4150353547e-11	-8.66938094646e-08
1.45665291032e-11	-6.37823021066e-08
1.49827046594e-11	-3.51248559127e-08
1.53988802156e-11	-3.60811847067e-09
1.58150557719e-11	2.67962860789e-08
1.62312313281e-11	5.12865376834e-08
1.66474068843e-11	6.52647429433e-08
1.70635824405e-11	6.59056595964e-08
1.74797579967e-11	5.35770467991e-08
1.7895933553e-11	3.22767057526e-08
1.83121091092e-11	8.58111448565e-09
1.87282846654e-11	-1.06366595531e-08
1.91444602216e-11	-2.07970494159e-08
1.95606357778e-11	-2.12728714644e-08
1.99768113341e-11	-1.52575658774e-08
2.03929868903e-11	-8.04558020207e-09
2.08091624465e-11	-4.40309966265e-09
2.12253380027e-11	-6.38125641217e-09
2.1641513559e-11	-1.25869883405e-08
2.20576891152e-11	-1.91232043534e-08
2.24738646714e-11	-2.16901359096e-08
2.28900402276e-11	-1.77051973083e-08
2.33062157838e-11	-7.46212514002e-09
2.37223913401e-11	6.12664896593e-09
2.41385668963e-11	1.89647746396e-08
2.45547424525e-11	2.75194960153e-08
2.49709180087e-11	3.00631946004e-08
2.53870935649e-11	2.69377160578e-08
2.58032691212e-11	1.99541414503e-08
2.62194446774e-11	1.14243814409e-08
2.66356202336e-11	3.3545204392e-09
2.70517957898e-11	-2.90719315288e-09
2.74679713461e-11	-6.62589627609e-09
2.78841469023e-11	-7.5115842435e-09
2.83003224585e-11	-5.61499824414e-09
2.87164980147e-11	-1.35575062288e-09
2.91326735709e-11	4.40054970241e-09
2.95488491272e-11	1.0376974835e-08
2.99650246834e-11	1.51004506677e-08
3.03812002396e-11	1.72676628551e-08
3.07973757958e-11	1.61160063072e-08
3.1213551352e-11	1.16683320783e-08
3.16297269083e-11	4.73354111463e-09
3.20459024645e-11	-3.34524163925e-09
3.24620780207e-11	-1.10874536219e-08
3.28782535769e-11	-1.72699508028e-08
3.32944291332e-11	-2.11683186535e-08
3.37106046894e-11	-2.25823431066e-08
3.41267802456e-11	-2.16845013057e-08
3.45429558018e-11	-1.88225222075e-08
3.4959131358e-11	-1.43944687281e-08
3.53753069143e-11	-8.84683082347e-09
3.57914824705e-11	-2.74728462202e-09
3.62076580267e-11	3.16691783908e-09
3.66238335829e-11	8.07220157384e-09
3.70400091391e-11	1.12563220966e-08
3.74561846954e-11	1.23570824684e-08
3.78723602516e-11	1.15049889615e-08
3.82885358078e-11	9.28904508868e-09
3.8704711364e-11	6.52989218253e-09
3.91208869202e-11	3.97182153833e-09
3.95370624765e-11	2.02528038784e-09
3.99532380327e-11	6.73359257242e-10
4.03694135889e-11	-4.14077827582e-10
4.07855891451e-11	-1.64781133183e-09
4.12017647014e-11	-3.26904547876e-09
4.16179402576e-11	-5.2102300252e-09
4.20341158138e-11	-7.11228054229e-09
4.245029137e-11	-8.46838599244e-09
4.28664669262e-11	-8.83809292418e-09
4.32826424825e-11	-8.01219091073e-09
4.36988180387e-11	-6.0824807413e-09
4.41149935949e-11	-3.40706174384e-09
4.45311691511e-11	-4.81770512373e-10
4.49473447073e-11	2.20469953405e-09
4.53635202636e-11	4.29579083416e-09
4.57796958198e-11	5.61775914676e-09
4.6195871376e-11	6.16303319489e-09
4.66120469322e-11	6.02182614884e-09
4.70282224885e-11	5.3099200592e-09
4.74443980447e-11	4.12030143337e-09
4.78605736009e-11	2.53216314583e-09
4.82767491571e-11	6.44616249268e-10
4.86929247133e-11	-1.37332478722e-09
4.91091002696e-11	-3.26560067876e-09
4.95252758258e-11	-4.71685135395e-09
4.9941451382e-11	-5.42728484376e-09
5.03576269382e-11	-5.20365572854e-09
5.07738024944e-11	-4.03809607974e-09
5.11899780507e-11	-2.13283013473e-09
5.16061536069e-11	1.37235278697e-10
5.20223291631e-11	2.31566477105e-09
5.24385047193e-11	3.97730559598e-09
5.28546802755e-11	4.82603068619e-09
5.32708558318e-11	4.75840566949e-09
5.3687031388e-11	3.87244636357e-09
5.41032069442e-11	2.43191311533e-09
5.45193825004e-11	7.95944310461e-10
5.49355580567e-11	-6.70831279415e-10
5.53517336129e-11	-1.6918020318e-09
5.57679091691e-11	-2.13592454834e-09
5.61840847253e-11	-2.04006256332e-09
5.66002602815e-11	-1.57842361403e-09
5.70164358378e-11	-9.92937732036e-10
5.7432611394e-11	-5.04750130581e-10
5.78487869502e-11	-2.43938702571e-10
5.82649625064e-11	-2.16050191626e-10
5.86811380626e-11	-3.14660630885e-10
5.90973136189e-11	-3.78694131609e-10
5.95134891751e-11	-2.59791493873e-10
5.99296647313e-11	1.09111004953e-10
6.03458402875e-11	6.85177303783e-10
6.07620158438e-11	1.32209643233e-09
6.11781914e-11	1.82050985398e-09
6.15943669562e-11	1.99694283332e-09
6.20105425124e-11	1.75602554719e-09
6.24267180686e-11	1.12099995953e-09
6.28428936249e-11	2.37586061935e-10
6.32590691811e-11	-6.85050294269e-10
6.36752447373e-11	-1.44049094875e-09
6.40914202935e-11	-1.89535720452e-09
6.45075958497e-11	-2.01946348533e-09
6.4923771406e-11	-1.87813986585e-09
6.53399469622e-11	-1.57866453243e-09
6.57561225184e-11	-1.2214280698e-09
6.61722980746e-11	-8.55315984705e-10
6.65884736309e-11	-4.75882722117e-10
6.70046491871e-11	-5.06180687643e-11
6.74208247433e-11	4.40265324197e-10
6.78370002995e-11	9.71101421499e-10
6.82531758557e-11	1.46560963366e-09
6.8669351412e-11	1.81291193169e-09
6.90855269682e-11	1.91098936675e-09
6.95017025244e-11	1.70255842757e-09
6.99178780806e-11	1.20080367871e-09
7.03340536368e-11	4.92273055652e-10
7.07502291931e-11	-2.85894641294e-10
7.11664047493e-11	-9.82369852132e-10
7.15825803055e-11	-1.46920131616e-09
7.19987558617e-11	-1.67254443628e-09
7.24149314179e-11	-1.5854330071e-09
7.28311069742e-11	-1.26332500017e-09
7.32472825304e-11	-8.03828947848e-10
7.36634580866e-11	-3.17968401609e-10
7.40796336428e-11	9.73657265924e-11
7.44958091991e-11	3.81304904318e-10
7.49119847553e-11	5.1672283119e-10
7.53281603115e-11	5.3047438664e-10
7.57443358677e-11	4.77135220223e-10
7.61605114239e-11	4.21502860393e-10
7.65766869802e-11	4.12559597596e-10
7.69928625364e-11	4.65957272766e-10
7.74090380926e-11	5.53253054481e-10
7.78252136488e-11	6.10743455809e-10
7.8241389205e-11	5.62786317548e-10
7.86575647613e-11	3.59008101025e-10
7.90737403175e-11	7.44076241593e-13
7.94899158737e-11	-4.47330061881e-10
7.99060914299e-11	-8.72873384683e-10
8.03222669862e-11	-1.15505349729e-09
8.07384425424e-11	-1.21048193691e-09
8.11546180986e-11	-1.02045916162e-09
8.15707936548e-11	-6.40248354333e-10
8.1986969211e-11	-1.73603478815e-10
8.24031447673e-11	2.63910671094e-10
8.28193203235e-11	5.82473902444e-10
8.32354958797e-11	7.3788142263e-10
8.36516714359e-11	7.36310235006e-10
8.40678469921e-11	6.19875817343e-10
8.44840225484e-11	4.47654580071e-10
8.49001981046e-11	2.71988459533e-10
8.53163736608e-11	1.25768964687e-10
8.5732549217e-11	1.58979617665e-11
8.61487247733e-11	-7.25692977932e-11
8.65649003295e-11	-1.64153760029e-10
8.69810758857e-11	-2.76619144257e-10
8.73972514419e-11	-4.07799571889e-10
8.78134269981e-11	-5.33838750982e-10
8.82296025544e-11	-6.16539097553e-10
8.86457781106e-11	-6.18155360232e-10
8.90619536668e-11	-5.1852866445e-10
8.9478129223e-11	-3.23240628708e-10
8.98943047792e-11	-6.48069722886e-11
9.03104803355e-11	2.05133438014e-10
9.07266558917e-11	4.2776759912e-10
9.11428314479e-11	5.50753220807e-10
9.15590070041e-11	5.4198234789e-10
9.19751825603e-11	4.03206162902e-10
9.23913581166e-11	1.74437131406e-10
9.28075336728e-11	-7.33332908287e-11
9.3223709229e-11	-2.61158122905e-10
9.36398847852e-11	-3.29462235271e-10
9.40560603415e-11	-2.65903882246e-10
9.44722358977e-11	-1.12059937718e-10
9.48884114539e-11	5.13256138979e-11
9.53045870101e-11	1.41568132217e-10
9.57207625663e-11	1.05967769282e-10
9.61369381226e-11	-5.11145258064e-11
9.65531136788e-11	-2.73323141897e-10
9.6969289235e-11	-4.73895866993e-10
9.73854647912e-11	-5.68637026355e-10
9.78016403474e-11	-5.07786479531e-10
9.82178159037e-11	-2.91689478127e-10
9.86339914599e-11	2.63437657105e-11
9.90501670161e-11	3.58429785852e-10
9.94663425723e-11	6.07744410352e-10
9.98825181286e-11	6.97939372962e-10
1.00298693685e-10	6.0152643977e-10
1.00714869241e-10	3.46727951905e-10
1.01131044797e-10	1.09465006504e-11
1.01547220353e-10	-3.06939723638e-10
1.0196339591e-10	-5.20978427065e-10
1.02379571466e-10	-5.84943371518e-10
1.02795747022e-10	-5.05536279505e-10
1.03211922578e-10	-3.32873645315e-10
1.03628098135e-10	-1.37284461577e-10
1.04044273691e-10	1.67326430489e-11
1.04460449247e-10	9.02144678405e-11
1.04876624803e-10	7.8678834281e-11
1.05292800359e-10	9.94289806738e-12
1.05708975916e-10	-6.96911070519e-11
1.06125151472e-10	-1.12026561638e-10
1.06541327028e-10	-8.54405574069e-11
1.06957502584e-10	1.15460739927e-11
1.07373678141e-10	1.45786646644e-10
1.07789853697e-10	2.61112992339e-10
1.08206029253e-10	2.98966268408e-10
1.08622204809e-10	2.26976770712e-10
1.09038380365e-10	5.48628399655e-11
1.09454555922e-10	-1.64776359224e-10
1.09870731478e-10	-3.56878415708e-10
1.10286907034e-10	-4.52704318477e-10
1.1070308259e-10	-4.18484552567e-10
1.11119258147e-10	-2.6825547339e-10
1.11535433703e-10	-5.82554282591e-11
1.11951609259e-10	1.36713473875e-10
1.12367784815e-10	2.48419007587e-10
1.12783960371e-10	2.40246489369e-10
1.13200135928e-10	1.17626408613e-10
1.13616311484e-10	-7.33868105174e-11
1.1403248704e-10	-2.62247029648e-10
1.14448662596e-10	-3.76438852312e-10
1.14864838153e-10	-3.67325808659e-10
1.15281013709e-10	-2.28764118759e-10
1.15697189265e-10	-2.91120274588e-12
1.16113364821e-10	2.33363439683e-10
1.16529540377e-10	3.94989929653e-10
1.16945715934e-10	4.2072040296e-10
1.1736189149e-10	2.95160951236e-10
1.17778067046e-10	5.59201643324e-11
1.18194242602e-10	-2.21287044244e-10
1.18610418159e-10	-4.49828951865e-10
1.19026593715e-10	-5.60085811063e-10
1.19442769271e-10	-5.21727938629e-10
1.19858944827e-10	-3.51421003408e-10
1.20275120383e-10	-1.04266699441e-10
1.2069129594e-10	1.42382119983e-10
1.21107471496e-10	3.13542553032e-10
1.21523647052e-10	3.60075469441e-10
1.21939822608e-10	2.76089484608e-10
1.22355998164e-10	1.00150929216e-10
1.22772173721e-10	-9.75451108776e-11
1.23188349277e-10	-2.42648512394e-10
1.23604524833e-10	-2.84714585241e-10
1.24020700389e-10	-2.18944889996e-10
1.24436875946e-10	-8.42186737016e-11
1.24853051502e-10	5.35815419811e-11
1.25269227058e-10	1.31637395429e-10
1.25685402614e-10	1.15584125604e-10
1.2610157817e-10	1.20662837361e-11
1.26517753727e-10	-1.35661509804e-10
1.26933929283e-10	-2.68010058591e-10
1.27350104839e-10	-3.30049376718e-10
1.27766280395e-10	-2.93099378101e-10
1.28182455952e-10	-1.63687230437e-10
1.28598631508e-10	1.73105627055e-11
1.29014807064e-10	1.8744909791e-10
1.2943098262e-10	2.84183093724e-10
1.29847158176e-10	2.67779382002e-10
1.30263333733e-10	1.39023501045e-10
1.30679509289e-10	-5.93011889594e-11
1.31095684845e-10	-2.56206639238e-10
1.31511860401e-10	-3.78486214592e-10
1.31928035958e-10	-3.8044356554e-10
1.32344211514e-10	-2.61112409472e-10
1.3276038707e-10	-6.38024563737e-11
1.33176562626e-10	1.40360431611e-10
1.33592738182e-10	2.79289924521e-10
1.34008913739e-10	3.04213182423e-10
1.34425089295e-10	2.05147177024e-10
1.34841264851e-10	1.32832017954e-11
1.35257440407e-10	-2.0928464517e-10
1.35673615964e-10	-3.89003551593e-10
1.3608979152e-10	-4.64046273629e-10
1.36505967076e-10	-4.05364186662e-10
1.36922142632e-10	-2.28459487439e-10
1.37338318188e-10	8.87301343511e-12
1.37754493745e-10	2.26563851013e-10
1.38170669301e-10	3.50006745808e-10
1.38586844857e-10	3.38893635377e-10
1.39003020413e-10	2.01927086163e-10
1.3941919597e-10	-8.17830959204e-12
1.39835371526e-10	-2.15712864238e-10
1.40251547082e-10	-3.51255524667e-10
1.40667722638e-10	-3.75530634367e-10
1.41083898194e-10	-2.90637902634e-10
1.41500073751e-10	-1.34991656742e-10
1.41916249307e-10	3.16453252491e-11
1.42332424863e-10	1.49466980459e-10
1.42748600419e-10	1.79216169682e-10
1.43164775976e-10	1.13794897116e-10
1.43580951532e-10	-1.83324171815e-11
1.43997127088e-10	-1.62493699052e-10
1.44413302644e-10	-2.5922478053e-10
1.448294782e-10	-2.66046878972e-10
1.45245653757e-10	-1.77445863558e-10
1.45661829313e-10	-2.74578554338e-11
1.46078004869e-10	1.2336431876e-10
1.46494180425e-10	2.12458106663e-10
1.46910355982e-10	2.0141037449e-10
1.47326531538e-10	9.10820030509e-11
1.47742707094e-10	-7.95562088429e-11
1.4815888265e-10	-2.48656761848e-10
1.48575058206e-10	-3.55505624938e-10
