% time-domain voltage integration by openEMS v0.0.36-88-g332ca7d @Tue Aug  5 15:10:01 2025
% start-coordinates: (0.00035477,0.00011376,5.52e-06) m -> [1246,863,7]
% stop-coordinates: (0.00035477,0.00011376,1.32303e-05) m -> [1246,863,22]
% t/s	voltage
0	-0
4.16175556221e-13	-0
8.32351112443e-13	-0
1.24852666866e-12	-0
1.66470222489e-12	-0
2.08087778111e-12	-0
2.49705333733e-12	-5.884430273e-15
2.91322889355e-12	-4.09289205107e-13
3.32940444977e-12	6.53586952897e-13
3.74558000599e-12	-4.23277854282e-12
4.16175556221e-12	1.99226521917e-12
4.57793111843e-12	-2.7859977102e-12
4.99410667466e-12	-1.37030675977e-11
5.41028223088e-12	8.76150063958e-12
5.8264577871e-12	-2.25329826954e-12
6.24263334332e-12	1.78993346837e-11
6.65880889954e-12	4.05849587878e-11
7.07498445576e-12	6.30883162551e-11
7.49116001198e-12	7.26092064078e-11
7.9073355682e-12	3.21228676254e-11
8.32351112443e-12	-8.80672817657e-11
8.73968668065e-12	-2.63988081395e-10
9.15586223687e-12	-4.96474920203e-10
9.57203779309e-12	-6.922151706e-10
9.98821334931e-12	-7.05708998183e-10
1.04043889055e-11	-3.47357937552e-10
1.08205644618e-11	5.12641172568e-10
1.1236740018e-11	1.67363587572e-09
1.16529155742e-11	2.95841549869e-09
1.20690911304e-11	3.87472008645e-09
1.24852666866e-11	4.12957082419e-09
1.29014422429e-11	3.4635757179e-09
1.33176177991e-11	2.31147845309e-09
1.37337933553e-11	1.08379535207e-09
1.41499689115e-11	-4.2290878785e-10
1.45661444677e-11	-3.07829917112e-09
1.4982320024e-11	-8.47191611308e-09
1.53984955802e-11	-1.90865337979e-08
1.58146711364e-11	-3.89546968016e-08
1.62308466926e-11	-7.44681845077e-08
1.66470222489e-11	-1.35502161491e-07
1.70631978051e-11	-2.34775857422e-07
1.74793733613e-11	-3.81631517499e-07
1.78955489175e-11	-5.71032483521e-07
1.83117244737e-11	-7.67967200943e-07
1.872790003e-11	-8.98451574471e-07
1.91440755862e-11	-8.57200344484e-07
1.95602511424e-11	-5.40464956345e-07
1.99764266986e-11	1.02175957917e-07
2.03926022548e-11	1.01737800406e-06
2.08087778111e-11	2.02855617459e-06
2.12249533673e-11	2.87030620427e-06
2.16411289235e-11	3.27476254824e-06
2.20573044797e-11	3.07828932478e-06
2.24734800359e-11	2.2999088003e-06
2.28896555922e-11	1.14922621464e-06
2.33058311484e-11	-4.54088304735e-08
2.37220067046e-11	-9.59603031703e-07
2.41381822608e-11	-1.39215467954e-06
2.45543578171e-11	-1.32912380479e-06
2.49705333733e-11	-9.29149955198e-07
2.53867089295e-11	-4.43086408453e-07
2.58028844857e-11	-1.07969092333e-07
2.62190600419e-11	-5.98740816926e-08
2.66352355982e-11	-2.97104396196e-07
2.70514111544e-11	-6.9978609929e-07
2.74675867106e-11	-1.09040538376e-06
2.78837622668e-11	-1.30673456056e-06
2.8299937823e-11	-1.2589338354e-06
2.87161133793e-11	-9.51475001898e-07
2.91322889355e-11	-4.68278985366e-07
2.95484644917e-11	6.79950549198e-08
2.99646400479e-11	5.42207507337e-07
3.03808156042e-11	8.79723568659e-07
3.07969911604e-11	1.05710547516e-06
3.12131667166e-11	1.09154968087e-06
3.16293422728e-11	1.0202919789e-06
3.2045517829e-11	8.81807356024e-07
3.24616933853e-11	7.06479497126e-07
3.28778689415e-11	5.16882710855e-07
3.32940444977e-11	3.32073435416e-07
3.37102200539e-11	1.70230809893e-07
3.41263956101e-11	4.60617368692e-08
3.45425711664e-11	-3.50676826466e-08
3.49587467226e-11	-8.18405858638e-08
3.53749222788e-11	-1.15384887867e-07
3.5791097835e-11	-1.60924066073e-07
3.62072733912e-11	-2.35545615013e-07
3.66234489475e-11	-3.3823031842e-07
3.70396245037e-11	-4.47250188884e-07
3.74558000599e-11	-5.2700321973e-07
3.78719756161e-11	-5.41466528503e-07
3.82881511724e-11	-4.68966485201e-07
3.87043267286e-11	-3.12245246548e-07
3.91205022848e-11	-9.88437669491e-08
3.9536677841e-11	1.27407742134e-07
3.99528533972e-11	3.20319212932e-07
4.03690289535e-11	4.45262600124e-07
4.07852045097e-11	4.87431300655e-07
4.12013800659e-11	4.52822728647e-07
4.16175556221e-11	3.62530458986e-07
4.20337311783e-11	2.44008879768e-07
4.24499067346e-11	1.23033924826e-07
4.28660822908e-11	1.88152192715e-08
4.3282257847e-11	-5.79606775908e-08
4.36984334032e-11	-1.04311550064e-07
4.41146089595e-11	-1.23391350915e-07
4.45307845157e-11	-1.22407512126e-07
4.49469600719e-11	-1.10252129648e-07
4.53631356281e-11	-9.5198579686e-08
4.57793111843e-11	-8.28186808022e-08
4.61954867406e-11	-7.46492370141e-08
4.66116622968e-11	-6.87380261599e-08
4.7027837853e-11	-6.16946247423e-08
4.74440134092e-11	-5.12974209776e-08
4.78601889654e-11	-3.85051703855e-08
4.82763645217e-11	-2.73421632002e-08
4.86925400779e-11	-2.28881077424e-08
4.91087156341e-11	-2.823809786e-08
4.95248911903e-11	-4.20709875826e-08
4.99410667466e-11	-5.85819159848e-08
5.03572423028e-11	-6.96285209489e-08
5.0773417859e-11	-6.8396220243e-08
5.11895934152e-11	-5.26997923078e-08
5.16057689714e-11	-2.59949709536e-08
5.20219445277e-11	3.84057464997e-09
5.24381200839e-11	2.7861281171e-08
5.28542956401e-11	3.96295567473e-08
5.32704711963e-11	3.74644126833e-08
5.36866467525e-11	2.45022103718e-08
5.41028223088e-11	6.83128151269e-09
5.4518997865e-11	-9.15999670559e-09
5.49351734212e-11	-1.87259165951e-08
5.53513489774e-11	-1.9578931143e-08
5.57675245336e-11	-1.13889737086e-08
5.61837000899e-11	4.83903547788e-09
5.65998756461e-11	2.70974139793e-08
5.70160512023e-11	5.20262293247e-08
5.74322267585e-11	7.46624220227e-08
5.78484023148e-11	8.8818260302e-08
5.8264577871e-11	8.87117357351e-08
5.86807534272e-11	7.12413632531e-08
5.90969289834e-11	3.79904681047e-08
5.95131045396e-11	-4.17179431278e-09
5.99292800959e-11	-4.45832424312e-08
6.03454556521e-11	-7.20391759579e-08
6.07616312083e-11	-7.87443839023e-08
6.11778067645e-11	-6.3296473396e-08
6.15939823207e-11	-3.14609747143e-08
6.2010157877e-11	5.83569176316e-09
6.24263334332e-11	3.64335772662e-08
6.28425089894e-11	5.14502691562e-08
6.32586845456e-11	4.83589737144e-08
6.36748601019e-11	3.13193738721e-08
6.40910356581e-11	8.84242801202e-09
6.45072112143e-11	-1.01090638083e-08
6.49233867705e-11	-1.97605333208e-08
6.53395623267e-11	-1.91783985359e-08
6.5755737883e-11	-1.15454799055e-08
6.61719134392e-11	-1.88983851485e-09
6.65880889954e-11	5.60314700193e-09
6.70042645516e-11	9.00686997207e-09
6.74204401078e-11	8.71031863303e-09
6.78366156641e-11	6.25330881521e-09
6.82527912203e-11	3.3586030207e-09
6.86689667765e-11	1.14952677238e-09
6.90851423327e-11	3.06720919496e-10
6.9501317889e-11	1.31168676615e-09
6.99174934452e-11	4.40702660476e-09
7.03336690014e-11	9.27603122092e-09
7.07498445576e-11	1.48102528019e-08
7.11660201138e-11	1.90597408967e-08
7.15821956701e-11	1.99192599082e-08
7.19983712263e-11	1.60935035298e-08
7.24145467825e-11	7.80292627733e-09
7.28307223387e-11	-3.04784449068e-09
7.32468978949e-11	-1.34593174383e-08
7.36630734512e-11	-2.05240577866e-08
7.40792490074e-11	-2.24738813115e-08
7.44954245636e-11	-1.95725400332e-08
7.49116001198e-11	-1.38671284455e-08
7.5327775676e-11	-8.50760836779e-09
7.57439512323e-11	-6.34024052704e-09
7.61601267885e-11	-8.56997642296e-09
7.65763023447e-11	-1.41395365971e-08
7.69924779009e-11	-1.9865511014e-08
7.74086534572e-11	-2.20151509245e-08
7.78248290134e-11	-1.7926325202e-08
7.82410045696e-11	-7.54976234307e-09
7.86571801258e-11	6.43719746951e-09
7.9073355682e-11	1.96190755863e-08
7.94895312383e-11	2.77577968388e-08
7.99057067945e-11	2.85326323679e-08
8.03218823507e-11	2.2317583559e-08
8.07380579069e-11	1.17175868453e-08
8.11542334631e-11	2.62668247396e-10
8.15704090194e-11	-8.80028744321e-09
8.19865845756e-11	-1.35595285e-08
8.24027601318e-11	-1.35119644362e-08
8.2818935688e-11	-9.31789367886e-09
8.32351112443e-11	-2.566547877e-09
8.36512868005e-11	4.61159027632e-09
8.40674623567e-11	9.94395987775e-09
8.44836379129e-11	1.14357936454e-08
8.48998134691e-11	8.21367041048e-09
8.53159890254e-11	9.9852548105e-10
8.57321645816e-11	-7.89315396377e-09
8.61483401378e-11	-1.52338448522e-08
8.6564515694e-11	-1.80844792474e-08
8.69806912502e-11	-1.50371865515e-08
8.73968668065e-11	-6.83531373169e-09
8.78130423627e-11	3.82388777587e-09
8.82292179189e-11	1.32639417227e-08
8.86453934751e-11	1.81761391493e-08
8.90615690313e-11	1.68160894098e-08
8.94777445876e-11	9.60941137773e-09
8.98939201438e-11	-9.28492407959e-10
9.03100957e-11	-1.11031884242e-08
9.07262712562e-11	-1.73834963091e-08
9.11424468125e-11	-1.76387730533e-08
9.15586223687e-11	-1.20387700364e-08
9.19747979249e-11	-2.9159837045e-09
9.23909734811e-11	6.19338669239e-09
9.28071490373e-11	1.20975850448e-08
9.32233245936e-11	1.32135244968e-08
9.36395001498e-11	1.01183573187e-08
9.4055675706e-11	5.02854888285e-09
9.44718512622e-11	5.8642429801e-10
9.48880268184e-11	-1.41523057856e-09
9.53042023747e-11	-6.53437370185e-10
9.57203779309e-11	1.83293407535e-09
9.61365534871e-11	4.35172617386e-09
9.65527290433e-11	5.45427861209e-09
9.69689045996e-11	4.34587571485e-09
9.73850801558e-11	1.09561747175e-09
9.7801255712e-11	-3.58214276297e-09
9.82174312682e-11	-8.41775460447e-09
9.86336068244e-11	-1.19528281717e-08
9.90497823807e-11	-1.28212999662e-08
9.94659579369e-11	-1.02347710862e-08
9.98821334931e-11	-4.49547779557e-09
1.00298309049e-10	2.83747318697e-09
1.00714484606e-10	9.38531269368e-09
1.01130660162e-10	1.27250634474e-08
1.01546835718e-10	1.1462633398e-08
1.01963011274e-10	5.86293968929e-09
1.0237918683e-10	-2.17468554276e-09
1.02795362387e-10	-9.8181623942e-09
1.03211537943e-10	-1.43236927319e-08
1.03627713499e-10	-1.39910869001e-08
1.04043889055e-10	-8.73811947799e-09
1.04460064612e-10	-1.51089918354e-10
1.04876240168e-10	9.04174174421e-09
1.05292415724e-10	1.57055956573e-08
1.0570859128e-10	1.74315255563e-08
1.06124766836e-10	1.33906097877e-08
1.06540942393e-10	4.78750433741e-09
1.06957117949e-10	-5.44798939295e-09
1.07373293505e-10	-1.3764603235e-08
1.07789469061e-10	-1.73223572153e-08
1.08205644618e-10	-1.51380004088e-08
1.08621820174e-10	-8.38897804001e-09
1.0903799573e-10	2.28936070622e-10
1.09454171286e-10	7.6903746149e-09
1.09870346842e-10	1.17586481108e-08
1.10286522399e-10	1.16811050277e-08
1.10702697955e-10	8.09924360912e-09
1.11118873511e-10	2.59080625009e-09
1.11535049067e-10	-2.98316961411e-09
1.11951224624e-10	-7.0010580111e-09
1.1236740018e-10	-8.39647326667e-09
1.12783575736e-10	-6.98306462654e-09
1.13199751292e-10	-3.51542195354e-09
1.13615926848e-10	5.452498366e-10
1.14032102405e-10	3.45259720813e-09
1.14448277961e-10	3.94744351095e-09
1.14864453517e-10	1.84529889979e-09
1.15280629073e-10	-1.77764655773e-09
1.1569680463e-10	-5.09522099512e-09
1.16112980186e-10	-6.30003277324e-09
1.16529155742e-10	-4.52445769739e-09
1.16945331298e-10	-2.27393041896e-10
1.17361506854e-10	5.02330188556e-09
1.17777682411e-10	9.18751846823e-09
1.18193857967e-10	1.05063899247e-08
1.18610033523e-10	8.20829892945e-09
1.19026209079e-10	2.72548530966e-09
1.19442384636e-10	-4.34954251782e-09
1.19858560192e-10	-1.07187314025e-08
1.20274735748e-10	-1.40584728303e-08
1.20690911304e-10	-1.28974666502e-08
1.2110708686e-10	-7.26281979002e-09
1.21523262417e-10	1.13278203484e-09
1.21939437973e-10	9.40202110611e-09
1.22355613529e-10	1.44891026954e-08
1.22771789085e-10	1.45064448787e-08
1.23187964641e-10	9.39663252764e-09
1.23604140198e-10	1.03734014087e-09
1.24020315754e-10	-7.58992765859e-09
1.2443649131e-10	-1.3593416448e-08
1.24852666866e-10	-1.51673598126e-08
1.25268842423e-10	-1.2083480494e-08
1.25685017979e-10	-5.57137527779e-09
1.26101193535e-10	2.24424125117e-09
1.26517369091e-10	8.97607171924e-09
1.26933544647e-10	1.26668045497e-08
1.27349720204e-10	1.2257452553e-08
1.2776589576e-10	7.94033439e-09
1.28182071316e-10	1.16995139271e-09
1.28598246872e-10	-5.73480465893e-09
1.29014422429e-10	-1.04076033347e-08
1.29430597985e-10	-1.12884229186e-08
1.29846773541e-10	-8.30662938434e-09
1.30262949097e-10	-2.84404860773e-09
1.30679124653e-10	2.84144767437e-09
1.3109530021e-10	6.60287322041e-09
1.31511475766e-10	7.24734605662e-09
1.31927651322e-10	4.88286075462e-09
1.32343826878e-10	7.62866134846e-10
1.32760002435e-10	-3.36184335925e-09
1.33176177991e-10	-5.83884884886e-09
1.33592353547e-10	-5.72772479446e-09
1.34008529103e-10	-3.05000802392e-09
1.34424704659e-10	1.18107313513e-09
1.34840880216e-10	5.26620913543e-09
1.35257055772e-10	7.39568351005e-09
1.35673231328e-10	6.37615835131e-09
1.36089406884e-10	2.20878439844e-09
1.36505582441e-10	-3.71774264152e-09
1.36921757997e-10	-9.07424679841e-09
1.37337933553e-10	-1.15944066015e-08
1.37754109109e-10	-1.0014064411e-08
1.38170284665e-10	-4.7231149547e-09
1.38586460222e-10	2.42273155704e-09
1.39002635778e-10	8.83678832886e-09
1.39418811334e-10	1.22793096247e-08
1.3983498689e-10	1.15720034666e-08
1.40251162447e-10	7.00069766046e-09
1.40667338003e-10	4.93334071511e-11
1.41083513559e-10	-7.1158189896e-09
1.41499689115e-10	-1.22567737071e-08
1.41915864671e-10	-1.37170859671e-08
1.42332040228e-10	-1.09123853287e-08
1.42748215784e-10	-4.61354102144e-09
1.4316439134e-10	3.20797770292e-09
1.43580566896e-10	9.91226695168e-09
1.43996742453e-10	1.31632087452e-08
1.44412918009e-10	1.18081850964e-08
1.44829093565e-10	6.39168612482e-09
1.45245269121e-10	-1.05189653862e-09
1.45661444677e-10	-7.83480660904e-09
1.46077620234e-10	-1.16666004635e-08
1.4649379579e-10	-1.14775642879e-08
1.46909971346e-10	-7.65160820815e-09
1.47326146902e-10	-1.74954668808e-09
1.47742322459e-10	4.11135604728e-09
1.48158498015e-10	8.01794505789e-09
1.48574673571e-10	8.78251127379e-09
