% time-domain voltage integration by openEMS v0.0.36-88-g332ca7d @Tue Aug  5 15:10:01 2025
% start-coordinates: (-0.00035527,-0.000209341,5.52e-06) m -> [44,315,7]
% stop-coordinates: (-0.00035527,-0.000209341,1.32303e-05) m -> [44,315,22]
% t/s	voltage
0	-0
4.16175556221e-13	-0
8.32351112443e-13	-0
1.24852666866e-12	-0
1.66470222489e-12	-1.0287266644e-12
2.08087778111e-12	1.84119369209e-13
2.49705333733e-12	2.97757168043e-12
2.91322889355e-12	-6.06886004124e-12
3.32940444977e-12	-3.06958597233e-12
3.74558000599e-12	1.75384032384e-11
4.16175556221e-12	-7.68592950244e-12
4.57793111843e-12	8.48232459749e-12
4.99410667466e-12	-7.76704519928e-12
5.41028223088e-12	1.15065819286e-11
5.8264577871e-12	-3.72633297916e-11
6.24263334332e-12	-2.58634808448e-11
6.65880889954e-12	-6.75142585067e-11
7.07498445576e-12	-1.27876113019e-11
7.49116001198e-12	4.15689073874e-11
7.9073355682e-12	8.50877636578e-11
8.32351112443e-12	1.17133694237e-10
8.73968668065e-12	1.84486446302e-11
9.15586223687e-12	-1.49502302031e-10
9.57203779309e-12	-4.14246225863e-10
9.98821334931e-12	-6.96874811329e-10
1.04043889055e-11	-6.95634522208e-10
1.08205644618e-11	-4.28866105823e-10
1.1236740018e-11	2.02443642579e-10
1.16529155742e-11	8.35497889623e-10
1.20690911304e-11	9.93728235116e-10
1.24852666866e-11	1.50175320096e-10
1.29014422429e-11	-1.84291260724e-09
1.33176177991e-11	-4.44747375039e-09
1.37337933553e-11	-6.64871940836e-09
1.41499689115e-11	-6.82847239863e-09
1.45661444677e-11	-3.88678879359e-09
1.4982320024e-11	2.411256389e-09
1.53984955802e-11	1.08123715536e-08
1.58146711364e-11	1.87924174e-08
1.62308466926e-11	2.35383560421e-08
1.66470222489e-11	2.20564000397e-08
1.70631978051e-11	1.28443335967e-08
1.74793733613e-11	-4.38920315371e-09
1.78955489175e-11	-2.8099081395e-08
1.83117244737e-11	-5.43172422596e-08
1.872790003e-11	-7.65953132031e-08
1.91440755862e-11	-8.73873680085e-08
1.95602511424e-11	-8.1947674424e-08
1.99764266986e-11	-6.41500297327e-08
2.03926022548e-11	-5.20000320581e-08
2.08087778111e-11	-7.60746883266e-08
2.12249533673e-11	-1.67849648847e-07
2.16411289235e-11	-3.37926342908e-07
2.20573044797e-11	-5.52922299946e-07
2.24734800359e-11	-7.26745945201e-07
2.28896555922e-11	-7.38997066208e-07
2.33058311484e-11	-4.81336609681e-07
2.37220067046e-11	8.36940721172e-08
2.41381822608e-11	8.80778976864e-07
2.45543578171e-11	1.7238228267e-06
2.49705333733e-11	2.36961059841e-06
2.53867089295e-11	2.60593817814e-06
2.58028844857e-11	2.33492423263e-06
2.62190600419e-11	1.61462357795e-06
2.66352355982e-11	6.39568845884e-07
2.70514111544e-11	-3.29313104785e-07
2.74675867106e-11	-1.05306408216e-06
2.78837622668e-11	-1.38567980912e-06
2.8299937823e-11	-1.30463985926e-06
2.87161133793e-11	-8.97377407938e-07
2.91322889355e-11	-3.18725007276e-07
2.95484644917e-11	2.62057393563e-07
2.99646400479e-11	7.07264206312e-07
3.03808156042e-11	9.39638454156e-07
3.07969911604e-11	9.50651561027e-07
3.12131667166e-11	7.89241408228e-07
3.16293422728e-11	5.37403185064e-07
3.2045517829e-11	2.80513173578e-07
3.24616933853e-11	8.18357626109e-08
3.28778689415e-11	-3.10921532964e-08
3.32940444977e-11	-6.62754571223e-08
3.37102200539e-11	-5.57096351272e-08
3.41263956101e-11	-3.90148771068e-08
3.45425711664e-11	-4.86472584438e-08
3.49587467226e-11	-1.01116948148e-07
3.53749222788e-11	-1.94745224391e-07
3.5791097835e-11	-3.13210504643e-07
3.62072733912e-11	-4.32387295746e-07
3.66234489475e-11	-5.28659180432e-07
3.70396245037e-11	-5.8552917892e-07
3.74558000599e-11	-5.97455962037e-07
3.78719756161e-11	-5.68049776106e-07
3.82881511724e-11	-5.04500704324e-07
3.87043267286e-11	-4.10632612358e-07
3.91205022848e-11	-2.82853215516e-07
3.9536677841e-11	-1.13361802168e-07
3.99528533972e-11	1.00607481013e-07
4.03690289535e-11	3.45946927993e-07
4.07852045097e-11	5.87731779689e-07
4.12013800659e-11	7.74116212909e-07
4.16175556221e-11	8.51736480456e-07
4.20337311783e-11	7.86017871235e-07
4.24499067346e-11	5.77488357578e-07
4.28660822908e-11	2.66261609205e-07
4.3282257847e-11	-7.86503981942e-08
4.36984334032e-11	-3.80778237385e-07
4.41146089595e-11	-5.80829453867e-07
4.45307845157e-11	-6.5401269822e-07
4.49469600719e-11	-6.13661672588e-07
4.53631356281e-11	-5.00924265623e-07
4.57793111843e-11	-3.64893571358e-07
4.61954867406e-11	-2.43052239668e-07
4.66116622968e-11	-1.50168155244e-07
4.7027837853e-11	-7.87071576802e-08
4.74440134092e-11	-1.02559891135e-08
4.78601889654e-11	7.01476863263e-08
4.82763645217e-11	1.63784441121e-07
4.86925400779e-11	2.5662336256e-07
4.91087156341e-11	3.2671176875e-07
4.95248911903e-11	3.55477308034e-07
4.99410667466e-11	3.36481605245e-07
5.03572423028e-11	2.78329585157e-07
5.0773417859e-11	1.99511455357e-07
5.11895934152e-11	1.2023504592e-07
5.16057689714e-11	5.4139190464e-08
5.20219445277e-11	4.76991997289e-09
5.24381200839e-11	-3.27305013093e-08
5.28542956401e-11	-6.58270908893e-08
5.32704711963e-11	-9.87762995841e-08
5.36866467525e-11	-1.29193961751e-07
5.41028223088e-11	-1.48901244224e-07
5.4518997865e-11	-1.48450538973e-07
5.49351734212e-11	-1.22458309715e-07
5.53513489774e-11	-7.34291849547e-08
5.57675245336e-11	-1.16078233137e-08
5.61837000899e-11	4.86462623517e-08
5.65998756461e-11	9.40550934914e-08
5.70160512023e-11	1.16934788075e-07
5.74322267585e-11	1.16273879414e-07
5.78484023148e-11	9.63379704899e-08
5.8264577871e-11	6.34698258395e-08
5.86807534272e-11	2.35520258851e-08
5.90969289834e-11	-1.90551687762e-08
5.95131045396e-11	-6.05704217893e-08
5.99292800959e-11	-9.66440283356e-08
6.03454556521e-11	-1.22030378691e-07
6.07616312083e-11	-1.31412267734e-07
6.11778067645e-11	-1.21277472953e-07
6.15939823207e-11	-9.16126734474e-08
6.2010157877e-11	-4.65373255487e-08
6.24263334332e-11	6.51107903704e-09
6.28425089894e-11	5.85434343225e-08
6.32586845456e-11	1.01028075683e-07
6.36748601019e-11	1.27707889597e-07
6.40910356581e-11	1.35708322357e-07
6.45072112143e-11	1.25699222586e-07
6.49233867705e-11	1.01308373246e-07
6.53395623267e-11	6.80504468331e-08
6.5755737883e-11	3.18955973855e-08
6.61719134392e-11	-2.07807758501e-09
6.65880889954e-11	-3.030241158e-08
6.70042645516e-11	-5.12273659048e-08
6.74204401078e-11	-6.51060356738e-08
6.78366156641e-11	-7.33991134538e-08
6.82527912203e-11	-7.80864044536e-08
6.86689667765e-11	-8.06474198534e-08
6.90851423327e-11	-8.13217297946e-08
6.9501317889e-11	-7.85127372005e-08
6.99174934452e-11	-6.92904547073e-08
7.03336690014e-11	-5.0781524763e-08
7.07498445576e-11	-2.20105978999e-08
7.11660201138e-11	1.45653785144e-08
7.15821956701e-11	5.28041756986e-08
7.19983712263e-11	8.45313303799e-08
7.24145467825e-11	1.0229105829e-07
7.28307223387e-11	1.02037582828e-07
7.32468978949e-11	8.48011891819e-08
7.36630734512e-11	5.61862727455e-08
7.40792490074e-11	2.41466844297e-08
7.44954245636e-11	-3.91247627352e-09
7.49116001198e-11	-2.35074800736e-08
7.5327775676e-11	-3.39128548577e-08
7.57439512323e-11	-3.74139719206e-08
7.61601267885e-11	-3.75087323423e-08
7.65763023447e-11	-3.6936023351e-08
7.69924779009e-11	-3.66105734617e-08
7.74086534572e-11	-3.54158835592e-08
7.78248290134e-11	-3.11542986964e-08
7.82410045696e-11	-2.18520112005e-08
7.86571801258e-11	-7.08349259804e-09
7.9073355682e-11	1.14880169821e-08
7.94895312383e-11	3.01717331119e-08
7.99057067945e-11	4.44601719884e-08
8.03218823507e-11	5.03509676175e-08
8.07380579069e-11	4.58317965801e-08
8.11542334631e-11	3.1722508842e-08
8.15704090194e-11	1.1519688814e-08
8.19865845756e-11	-9.61816232214e-09
8.24027601318e-11	-2.64799031591e-08
8.2818935688e-11	-3.54429923188e-08
8.32351112443e-11	-3.53340597892e-08
8.36512868005e-11	-2.77630087808e-08
8.40674623567e-11	-1.62521758273e-08
8.44836379129e-11	-5.09239522772e-09
8.48998134691e-11	2.08690298376e-09
8.53159890254e-11	3.49788341347e-09
8.57321645816e-11	-1.85397707603e-10
8.61483401378e-11	-5.98219154768e-09
8.6564515694e-11	-9.71108266024e-09
8.69806912502e-11	-7.69105251708e-09
8.73968668065e-11	1.62186136743e-09
8.78130423627e-11	1.65715836609e-08
8.82292179189e-11	3.2518953863e-08
8.86453934751e-11	4.351691274e-08
8.90615690313e-11	4.47023797978e-08
8.94777445876e-11	3.42162295164e-08
8.98939201438e-11	1.42056427177e-08
9.03100957e-11	-1.00474683018e-08
9.07262712562e-11	-3.19682356142e-08
9.11424468125e-11	-4.59241888962e-08
9.15586223687e-11	-4.89265061798e-08
9.19747979249e-11	-4.12573823994e-08
9.23909734811e-11	-2.59952757098e-08
9.28071490373e-11	-7.84508075169e-09
9.32233245936e-11	8.25696711004e-09
9.36395001498e-11	1.86271652547e-08
9.4055675706e-11	2.17234055189e-08
9.44718512622e-11	1.85484112514e-08
9.48880268184e-11	1.20408908399e-08
9.53042023747e-11	5.85267997955e-09
9.57203779309e-11	2.851730449e-09
9.61365534871e-11	3.90547685858e-09
9.65527290433e-11	7.70616570556e-09
9.69689045996e-11	1.14879996627e-08
9.73850801558e-11	1.23878667879e-08
9.7801255712e-11	8.73855454664e-09
9.82174312682e-11	7.56760923024e-10
9.86336068244e-11	-9.54779927342e-09
9.90497823807e-11	-1.90813763679e-08
9.94659579369e-11	-2.46930828007e-08
9.98821334931e-11	-2.41837808668e-08
1.00298309049e-10	-1.71224078249e-08
1.00714484606e-10	-5.19058887538e-09
1.01130660162e-10	8.06837374689e-09
1.01546835718e-10	1.83278890953e-08
1.01963011274e-10	2.207004135e-08
1.0237918683e-10	1.80726634769e-08
1.02795362387e-10	8.11660771927e-09
1.03211537943e-10	-3.5665122522e-09
1.03627713499e-10	-1.21260228525e-08
1.04043889055e-10	-1.40216508404e-08
1.04460064612e-10	-8.59363760708e-09
1.04876240168e-10	1.77044196664e-09
1.05292415724e-10	1.27281976625e-08
1.0570859128e-10	1.97697922477e-08
1.06124766836e-10	1.9840840304e-08
1.06540942393e-10	1.23619495751e-08
1.06957117949e-10	-6.99657384112e-10
1.07373293505e-10	-1.54696774834e-08
1.07789469061e-10	-2.73382014804e-08
1.08205644618e-10	-3.23783353462e-08
1.08621820174e-10	-2.85696561964e-08
1.0903799573e-10	-1.66493720477e-08
1.09454171286e-10	1.84128439492e-12
1.09870346842e-10	1.64459931784e-08
1.10286522399e-10	2.77803123838e-08
1.10702697955e-10	3.08642709168e-08
1.11118873511e-10	2.54013989842e-08
1.11535049067e-10	1.37859560989e-08
1.11951224624e-10	1.05312726313e-10
1.1236740018e-10	-1.13675190927e-08
1.12783575736e-10	-1.75667380087e-08
1.13199751292e-10	-1.74212343995e-08
1.13615926848e-10	-1.19480292327e-08
1.14032102405e-10	-3.76649343659e-09
1.14448277961e-10	3.82374294727e-09
1.14864453517e-10	7.9031978184e-09
1.15280629073e-10	7.03472277652e-09
1.1569680463e-10	1.77775121707e-09
1.16112980186e-10	-5.37706207338e-09
1.16529155742e-10	-1.09925899494e-08
1.16945331298e-10	-1.21245762319e-08
1.17361506854e-10	-7.70005006978e-09
1.17777682411e-10	9.06057021077e-10
1.18193857967e-10	1.03567593945e-08
1.18610033523e-10	1.67816509022e-08
1.19026209079e-10	1.74489688254e-08
1.19442384636e-10	1.18590400833e-08
1.19858560192e-10	1.97027016924e-09
1.20274735748e-10	-8.69378849466e-09
1.20690911304e-10	-1.63516539753e-08
1.2110708686e-10	-1.83370891804e-08
1.21523262417e-10	-1.3970947621e-08
1.21939437973e-10	-4.77278713773e-09
1.22355613529e-10	6.09889036496e-09
1.22771789085e-10	1.47460172406e-08
1.23187964641e-10	1.79166189662e-08
1.23604140198e-10	1.41787844798e-08
1.24020315754e-10	4.58158891381e-09
1.2443649131e-10	-7.57536416929e-09
1.24852666866e-10	-1.78598182354e-08
1.25268842423e-10	-2.23125078413e-08
1.25685017979e-10	-1.90024610491e-08
1.26101193535e-10	-8.85421191921e-09
1.26517369091e-10	4.75882580564e-09
1.26933544647e-10	1.72958293798e-08
1.27349720204e-10	2.45580276115e-08
1.2776589576e-10	2.42297346631e-08
1.28182071316e-10	1.64683615633e-08
1.28598246872e-10	3.76580014394e-09
1.29014422429e-10	-9.89456072631e-09
1.29430597985e-10	-2.0282087676e-08
1.29846773541e-10	-2.42199399425e-08
1.30262949097e-10	-2.06338095499e-08
1.30679124653e-10	-1.09378899826e-08
1.3109530021e-10	1.35119748723e-09
1.31511475766e-10	1.18590461895e-08
1.31927651322e-10	1.69842996334e-08
1.32343826878e-10	1.53296043082e-08
1.32760002435e-10	8.15002770826e-09
1.33176177991e-10	-1.23401220492e-09
1.33592353547e-10	-8.9050101737e-09
1.34008529103e-10	-1.1943530831e-08
1.34424704659e-10	-9.54592122016e-09
1.34840880216e-10	-3.06940278749e-09
1.35257055772e-10	4.61922097794e-09
1.35673231328e-10	1.03793986739e-08
1.36089406884e-10	1.18828236695e-08
1.36505582441e-10	8.44188383087e-09
1.36921757997e-10	1.14215020081e-09
1.37337933553e-10	-7.43113040547e-09
1.37754109109e-10	-1.40854872765e-08
1.38170284665e-10	-1.60838594665e-08
1.38586460222e-10	-1.23020093556e-08
1.39002635778e-10	-3.75973598088e-09
1.39418811334e-10	6.56178270053e-09
1.3983498689e-10	1.48119653764e-08
1.40251162447e-10	1.78012041219e-08
1.40667338003e-10	1.42672016978e-08
1.41083513559e-10	5.41267264342e-09
1.41499689115e-10	-5.59901414121e-09
1.41915864671e-10	-1.48465724714e-08
1.42332040228e-10	-1.90790178101e-08
1.42748215784e-10	-1.68200112727e-08
1.4316439134e-10	-8.76200967337e-09
1.43580566896e-10	2.48532293357e-09
1.43996742453e-10	1.3194325521e-08
1.44412918009e-10	1.96870435509e-08
1.44829093565e-10	1.95549635373e-08
1.45245269121e-10	1.25446313337e-08
1.45661444677e-10	8.3761076547e-10
1.46077620234e-10	-1.15837322512e-08
1.4649379579e-10	-2.03154787437e-08
1.46909971346e-10	-2.22332297017e-08
1.47326146902e-10	-1.66882284658e-08
1.47742322459e-10	-5.78223668946e-09
1.48158498015e-10	6.50279560754e-09
1.48574673571e-10	1.58764346114e-08
