% time-domain current integration by openEMS v0.0.36-88-g332ca7d @Tue Aug  5 15:10:01 2025
% start-coordinates: (0.00035427,0.000202722,9.2303e-06) m -> [1245,1004,13]
% stop-coordinates: (0.00035527,0.00021527,9.2303e-06) m -> [1247,1027,13]
% t/s	current
3.84635449373e-16	0
4.16560191671e-13	0
8.32735747892e-13	0
1.24891130411e-12	0
1.66508686033e-12	0
2.08126241656e-12	0
2.49743797278e-12	5.00727232539e-16
2.913613529e-12	1.18315484837e-14
3.32978908522e-12	-1.84142997617e-14
3.74596464144e-12	9.37865236861e-14
4.16214019766e-12	-1.46876773439e-13
4.57831575388e-12	-1.69856008192e-14
4.9944913101e-12	3.05596314313e-13
5.41066686633e-12	-2.07541720355e-13
5.82684242255e-12	9.1513121137e-14
6.24301797877e-12	-3.11068635043e-13
6.65919353499e-12	-6.5116954797e-13
7.07536909121e-12	-1.20870685422e-12
7.49154464743e-12	-1.70333755781e-12
7.90772020365e-12	-5.75679152785e-13
8.32389575987e-12	1.16779231684e-12
8.7400713161e-12	4.46678631583e-12
9.15624687232e-12	8.1646208891e-12
9.57242242854e-12	1.14013885139e-11
9.98859798476e-12	6.91498898073e-12
1.0404773541e-11	-1.71624797707e-11
1.08209490972e-11	-8.12112599391e-11
1.12371246534e-11	-2.0365691078e-10
1.16533002096e-11	-3.93686860889e-10
1.20694757659e-11	-6.48393783109e-10
1.24856513221e-11	-9.11768716083e-10
1.29018268783e-11	-1.03116715167e-09
1.33180024345e-11	-7.26918913951e-10
1.37341779908e-11	4.19491219539e-10
1.4150353547e-11	2.87761414697e-09
1.45665291032e-11	6.95912305559e-09
1.49827046594e-11	1.25095684922e-08
1.53988802156e-11	1.85913133777e-08
1.58150557719e-11	2.33463666177e-08
1.62312313281e-11	2.42691946539e-08
1.66474068843e-11	1.89743758483e-08
1.70635824405e-11	6.29027008259e-09
1.74797579967e-11	-1.27374555348e-08
1.7895933553e-11	-3.45005766178e-08
1.83121091092e-11	-5.35644311128e-08
1.87282846654e-11	-6.44078923528e-08
1.91444602216e-11	-6.35440287056e-08
1.95606357778e-11	-5.10800823861e-08
1.99768113341e-11	-3.08969383411e-08
2.03929868903e-11	-9.24953980075e-09
2.08091624465e-11	7.63498242407e-09
2.12253380027e-11	1.59014650336e-08
2.1641513559e-11	1.53285153459e-08
2.20576891152e-11	9.01479602078e-09
2.24738646714e-11	1.75818926085e-09
2.28900402276e-11	-2.03486250072e-09
2.33062157838e-11	-3.48913779813e-11
2.37223913401e-11	7.38186489713e-09
2.41385668963e-11	1.76381167449e-08
2.45547424525e-11	2.72078608532e-08
2.49709180087e-11	3.30297034168e-08
2.53870935649e-11	3.35135759144e-08
2.58032691212e-11	2.88222690159e-08
2.62194446774e-11	2.04611900756e-08
2.66356202336e-11	1.04552908553e-08
2.70517957898e-11	5.37388744615e-10
2.74679713461e-11	-8.30294233367e-09
2.78841469023e-11	-1.57733914818e-08
2.83003224585e-11	-2.18614690795e-08
2.87164980147e-11	-2.63632635722e-08
2.91326735709e-11	-2.86633650148e-08
2.95488491272e-11	-2.79372134315e-08
2.99650246834e-11	-2.36697097478e-08
3.03812002396e-11	-1.61845612467e-08
3.07973757958e-11	-6.84195100575e-09
3.1213551352e-11	2.26170726592e-09
3.16297269083e-11	9.03452690437e-09
3.20459024645e-11	1.22169128147e-08
3.24620780207e-11	1.19047527392e-08
3.28782535769e-11	9.48192280248e-09
3.32944291332e-11	6.97989843701e-09
3.37106046894e-11	6.12431083624e-09
3.41267802456e-11	7.53295559264e-09
3.45429558018e-11	1.04126209877e-08
3.4959131358e-11	1.2920658321e-08
3.53753069143e-11	1.30192487902e-08
3.57914824705e-11	9.44517442036e-09
3.62076580267e-11	2.34552133271e-09
3.66238335829e-11	-6.69389077501e-09
3.70400091391e-11	-1.52394168396e-08
3.74561846954e-11	-2.09341770585e-08
3.78723602516e-11	-2.23686740242e-08
3.82885358078e-11	-1.95224583166e-08
3.8704711364e-11	-1.36426026032e-08
3.91208869202e-11	-6.6582699354e-09
3.95370624765e-11	-4.26985224955e-10
3.99532380327e-11	3.87009979619e-09
4.03694135889e-11	5.9591664936e-09
4.07855891451e-11	6.31758156899e-09
4.12017647014e-11	5.75797187707e-09
4.16179402576e-11	4.97878094308e-09
4.20341158138e-11	4.29895585796e-09
4.245029137e-11	3.64084784543e-09
4.28664669262e-11	2.72335176632e-09
4.32826424825e-11	1.33574118433e-09
4.36988180387e-11	-4.79943029763e-10
4.41149935949e-11	-2.38941089137e-09
4.45311691511e-11	-3.89680909763e-09
4.49473447073e-11	-4.54261606109e-09
4.53635202636e-11	-4.08738864976e-09
4.57796958198e-11	-2.59337573638e-09
4.6195871376e-11	-4.00565330905e-10
4.66120469322e-11	1.9943586782e-09
4.70282224885e-11	4.08807832031e-09
4.74443980447e-11	5.50547785139e-09
4.78605736009e-11	6.07279071474e-09
4.82767491571e-11	5.8229820965e-09
4.86929247133e-11	4.94587037991e-09
4.91091002696e-11	3.71217168116e-09
4.95252758258e-11	2.39329112084e-09
4.9941451382e-11	1.2018435136e-09
5.03576269382e-11	2.48026599259e-10
5.07738024944e-11	-4.64911720233e-10
5.11899780507e-11	-1.029013319e-09
5.16061536069e-11	-1.58252089211e-09
5.20223291631e-11	-2.24211027522e-09
5.24385047193e-11	-3.03499558818e-09
5.28546802755e-11	-3.86208753866e-09
5.32708558318e-11	-4.51084014585e-09
5.3687031388e-11	-4.72715289135e-09
5.41032069442e-11	-4.31330393624e-09
5.45193825004e-11	-3.21577808826e-09
5.49355580567e-11	-1.56129997819e-09
5.53517336129e-11	3.75625891502e-10
5.57679091691e-11	2.25854490665e-09
5.61840847253e-11	3.78703157722e-09
5.66002602815e-11	4.77251305142e-09
5.70164358378e-11	5.15135667456e-09
5.7432611394e-11	4.95806062872e-09
5.78487869502e-11	4.27724922147e-09
5.82649625064e-11	3.2011289175e-09
5.86811380626e-11	1.82438120166e-09
5.90973136189e-11	2.6378943474e-10
5.95134891751e-11	-1.32190269841e-09
5.99296647313e-11	-2.72833688975e-09
6.03458402875e-11	-3.74241215795e-09
6.07620158438e-11	-4.20399492995e-09
6.11781914e-11	-4.06133837672e-09
6.15943669562e-11	-3.39982331177e-09
6.20105425124e-11	-2.4137272181e-09
6.24267180686e-11	-1.34324851242e-09
6.28428936249e-11	-3.93388377429e-10
6.32590691811e-11	3.21655313495e-10
6.36752447373e-11	7.90639775872e-10
6.40914202935e-11	1.0726263211e-09
6.45075958497e-11	1.2417922246e-09
6.4923771406e-11	1.33889077603e-09
6.53399469622e-11	1.35367062004e-09
6.57561225184e-11	1.24269117219e-09
6.61722980746e-11	9.65540203346e-10
6.65884736309e-11	5.23577514677e-10
6.70046491871e-11	-2.11598828737e-11
6.74208247433e-11	-5.55654133816e-10
6.78370002995e-11	-9.56017487397e-10
6.82531758557e-11	-1.13043940875e-09
6.8669351412e-11	-1.05555586494e-09
6.90855269682e-11	-7.83893949752e-10
6.95017025244e-11	-4.209590454e-10
6.99178780806e-11	-7.79004916129e-11
7.03340536368e-11	1.7305296085e-10
7.07502291931e-11	3.20222626193e-10
7.11664047493e-11	4.04295735779e-10
7.15825803055e-11	4.86909956798e-10
7.19987558617e-11	6.09376549221e-10
7.24149314179e-11	7.70787433879e-10
7.28311069742e-11	9.26304255522e-10
7.32472825304e-11	1.00750863208e-09
7.36634580866e-11	9.4783536575e-10
7.40796336428e-11	7.06328218136e-10
7.44958091991e-11	2.83873563545e-10
7.49119847553e-11	-2.72052547157e-10
7.53281603115e-11	-8.67502070179e-10
7.57443358677e-11	-1.37721634097e-09
7.61605114239e-11	-1.67334923695e-09
7.65766869802e-11	-1.66520675027e-09
7.69928625364e-11	-1.33357047627e-09
7.74090380926e-11	-7.48394624051e-10
7.78252136488e-11	-4.91702893679e-11
7.8241389205e-11	5.96882376858e-10
7.86575647613e-11	1.05018249652e-09
7.90737403175e-11	1.24061971807e-09
7.94899158737e-11	1.18011511674e-09
7.99060914299e-11	9.48208622731e-10
8.03222669862e-11	6.54109433285e-10
8.07384425424e-11	3.97991611889e-10
8.11546180986e-11	2.38652986262e-10
8.15707936548e-11	1.79669723543e-10
8.1986969211e-11	1.73725991925e-10
8.24031447673e-11	1.47825557351e-10
8.28193203235e-11	3.85209954212e-11
8.32354958797e-11	-1.76302625277e-10
8.36516714359e-11	-4.61774091187e-10
8.40678469921e-11	-7.35953353814e-10
8.44840225484e-11	-9.02088459487e-10
8.49001981046e-11	-8.92284857112e-10
8.53163736608e-11	-6.95575597121e-10
8.5732549217e-11	-3.62460172987e-10
8.61487247733e-11	1.7253660306e-11
8.65649003295e-11	3.47413181556e-10
8.69810758857e-11	5.58621149338e-10
8.73972514419e-11	6.23687212986e-10
8.78134269981e-11	5.56770851645e-10
8.82296025544e-11	4.04103667195e-10
8.86457781106e-11	2.24391713544e-10
8.90619536668e-11	7.42616662608e-11
8.9478129223e-11	-9.42265102749e-12
8.98943047792e-11	-2.00783244197e-11
9.03104803355e-11	1.33325798318e-11
9.07266558917e-11	3.80456013915e-11
9.11428314479e-11	9.58207905383e-13
9.15590070041e-11	-1.25639748605e-10
9.19751825603e-11	-3.22392140761e-10
9.23913581166e-11	-5.25328225365e-10
9.28075336728e-11	-6.48549880466e-10
9.3223709229e-11	-6.20413942443e-10
9.36398847852e-11	-4.14142192762e-10
9.40560603415e-11	-6.45916514719e-11
9.44722358977e-11	3.402019777e-10
9.48884114539e-11	6.86583900844e-10
9.53045870101e-11	8.7407198146e-10
9.57207625663e-11	8.45539416261e-10
9.61369381226e-11	6.09380101935e-10
9.65531136788e-11	2.34672503652e-10
9.6969289235e-11	-1.66341343477e-10
9.73854647912e-11	-4.76915729131e-10
9.78016403474e-11	-6.13311956776e-10
9.82178159037e-11	-5.52516699059e-10
9.86339914599e-11	-3.40231037788e-10
9.90501670161e-11	-7.00127178455e-11
9.94663425723e-11	1.52855061941e-10
9.98825181286e-11	2.52139364942e-10
1.00298693685e-10	2.06519759627e-10
1.00714869241e-10	5.39299715996e-11
1.01131044797e-10	-1.30087898786e-10
1.01547220353e-10	-2.63677357726e-10
1.0196339591e-10	-2.89785917484e-10
1.02379571466e-10	-1.93203286702e-10
1.02795747022e-10	-3.1211140443e-12
1.03211922578e-10	2.20416157548e-10
1.03628098135e-10	4.0553407854e-10
1.04044273691e-10	4.90919471741e-10
1.04460449247e-10	4.44701414581e-10
1.04876624803e-10	2.76196510107e-10
1.05292800359e-10	3.64730433355e-11
1.05708975916e-10	-1.98522129291e-10
1.06125151472e-10	-3.53933299335e-10
1.06541327028e-10	-3.83033105233e-10
1.06957502584e-10	-2.88709861573e-10
1.07373678141e-10	-1.19123377829e-10
1.07789853697e-10	5.13718026451e-11
1.08206029253e-10	1.54113985462e-10
1.08622204809e-10	1.54267973396e-10
1.09038380365e-10	6.33368774094e-11
1.09454555922e-10	-6.87464252191e-11
1.09870731478e-10	-1.75762002175e-10
1.10286907034e-10	-2.00691935293e-10
1.1070308259e-10	-1.18462906151e-10
1.11119258147e-10	5.39651622e-11
1.11535433703e-10	2.62013299945e-10
1.11951609259e-10	4.2988873572e-10
1.12367784815e-10	4.86185203208e-10
1.12783960371e-10	3.9392222817e-10
1.13200135928e-10	1.64567623417e-10
1.13616311484e-10	-1.36588268473e-10
1.1403248704e-10	-4.14170170382e-10
1.14448662596e-10	-5.75859138152e-10
1.14864838153e-10	-5.67566493803e-10
1.15281013709e-10	-3.93162308265e-10
1.15697189265e-10	-1.1263349281e-10
1.16113364821e-10	1.8312916461e-10
1.16529540377e-10	4.03382299785e-10
1.16945715934e-10	4.87609619348e-10
1.1736189149e-10	4.20723317296e-10
1.17778067046e-10	2.3431367957e-10
1.18194242602e-10	-6.02330685329e-12
1.18610418159e-10	-2.1960651353e-10
1.19026593715e-10	-3.35861227718e-10
1.19442769271e-10	-3.16784098953e-10
1.19858944827e-10	-1.71828648532e-10
1.20275120383e-10	4.33674138267e-11
1.2069129594e-10	2.46027698214e-10
1.21107471496e-10	3.56146112601e-10
1.21523647052e-10	3.29956229006e-10
1.21939822608e-10	1.77447390115e-10
1.22355998164e-10	-4.2681098239e-11
1.22772173721e-10	-2.47051101798e-10
1.23188349277e-10	-3.61585955622e-10
1.23604524833e-10	-3.4854166775e-10
1.24020700389e-10	-2.17533505098e-10
1.24436875946e-10	-1.91451091092e-11
1.24853051502e-10	1.7577213296e-10
1.25269227058e-10	2.99673313942e-10
1.25685402614e-10	3.12353559684e-10
1.2610157817e-10	2.134473015e-10
1.26517753727e-10	4.35313833591e-11
1.26933929283e-10	-1.28821814327e-10
1.27350104839e-10	-2.32606364725e-10
1.27766280395e-10	-2.2385028553e-10
1.28182455952e-10	-1.05138286965e-10
1.28598631508e-10	7.42477676563e-11
1.29014807064e-10	2.36816288801e-10
1.2943098262e-10	3.11399878106e-10
1.29847158176e-10	2.61192151241e-10
1.30263333733e-10	1.00667661707e-10
1.30679509289e-10	-1.13096483567e-10
1.31095684845e-10	-3.03065406104e-10
1.31511860401e-10	-4.00498773034e-10
1.31928035958e-10	-3.68191421796e-10
1.32344211514e-10	-2.11879749856e-10
1.3276038707e-10	2.36018184163e-11
1.33176562626e-10	2.65330230009e-10
1.33592738182e-10	4.35955355149e-10
1.34008913739e-10	4.76797212823e-10
1.34425089295e-10	3.69618391449e-10
1.34841264851e-10	1.46224365949e-10
1.35257440407e-10	-1.19805124155e-10
1.35673615964e-10	-3.37770700298e-10
1.3608979152e-10	-4.33589136817e-10
1.36505967076e-10	-3.77754133529e-10
1.36922142632e-10	-1.95868668507e-10
1.37338318188e-10	4.24162545365e-11
1.37754493745e-10	2.51818010888e-10
1.38170669301e-10	3.61774610269e-10
1.38586844857e-10	3.40514061392e-10
1.39003020413e-10	2.02850597431e-10
1.3941919597e-10	1.54970567628e-12
1.39835371526e-10	-1.90644208753e-10
1.40251547082e-10	-3.06333680644e-10
1.40667722638e-10	-3.05286129709e-10
1.41083898194e-10	-1.88216678354e-10
1.41500073751e-10	1.83246343446e-12
1.41916249307e-10	1.93603327814e-10
1.42332424863e-10	3.14209325225e-10
1.42748600419e-10	3.17914611303e-10
1.43164775976e-10	2.04411113036e-10
1.43580951532e-10	2.00023938385e-11
1.43997127088e-10	-1.62037536167e-10
1.44413302644e-10	-2.71772021554e-10
1.448294782e-10	-2.70155897653e-10
1.45245653757e-10	-1.62343818944e-10
1.45661829313e-10	6.42322653399e-12
1.46078004869e-10	1.70907940578e-10
1.46494180425e-10	2.69624073068e-10
1.46910355982e-10	2.66634742063e-10
1.47326531538e-10	1.61628502249e-10
1.47742707094e-10	-9.07925644389e-12
1.4815888265e-10	-1.84394541303e-10
1.48575058206e-10	-2.97910057734e-10
