% time-domain voltage integration by openEMS v0.0.36-88-g332ca7d @Tue Aug  5 15:10:01 2025
% start-coordinates: (-0.00035527,0.000209401,5.52e-06) m -> [44,1017,7]
% stop-coordinates: (-0.00035527,0.000209401,1.32303e-05) m -> [44,1017,22]
% t/s	voltage
0	-0
4.16175556221e-13	-2.74299842562e-09
8.32351112443e-13	-3.0055570116e-09
1.24852666866e-12	5.21990449129e-10
1.66470222489e-12	1.39112963926e-08
2.08087778111e-12	4.60706719441e-08
2.49705333733e-12	1.06895579499e-07
2.91322889355e-12	1.99188098904e-07
3.32940444977e-12	3.0495655956e-07
3.74558000599e-12	3.68607425472e-07
4.16175556221e-12	2.83758092579e-07
4.57793111843e-12	-9.37614053065e-08
4.99410667466e-12	-9.0218123816e-07
5.41028223088e-12	-2.184361513e-06
5.8264577871e-12	-3.78420857317e-06
6.24263334332e-12	-5.27780878201e-06
6.65880889954e-12	-6.00779097226e-06
7.07498445576e-12	-5.26206792983e-06
7.49116001198e-12	-2.57252655445e-06
7.9073355682e-12	1.97164848004e-06
8.32351112443e-12	7.56076249786e-06
8.73968668065e-12	1.27832500993e-05
9.15586223687e-12	1.60465232284e-05
9.57203779309e-12	1.61622580208e-05
9.98821334931e-12	1.28466267029e-05
1.04043889055e-11	6.89787648867e-06
1.08205644618e-11	-5.64211148912e-08
1.1236740018e-11	-6.14068974869e-06
1.16529155742e-11	-9.88836916349e-06
1.20690911304e-11	-1.06958531205e-05
1.24852666866e-11	-8.9061928179e-06
1.29014422429e-11	-5.5383638653e-06
1.33176177991e-11	-1.8323650508e-06
1.37337933553e-11	1.17772675168e-06
1.41499689115e-11	2.90822508475e-06
1.45661444677e-11	3.25408200297e-06
1.4982320024e-11	2.46712329499e-06
1.53984955802e-11	9.86706563566e-07
1.58146711364e-11	-7.01631808653e-07
1.62308466926e-11	-2.1588167769e-06
1.66470222489e-11	-3.05417617597e-06
1.70631978051e-11	-3.21669956804e-06
1.74793733613e-11	-2.67144622512e-06
1.78955489175e-11	-1.63616468996e-06
1.83117244737e-11	-4.56347461153e-07
1.872790003e-11	5.12106943518e-07
1.91440755862e-11	1.03144024877e-06
1.95602511424e-11	1.0632574714e-06
1.99764266986e-11	7.6622885814e-07
2.03926022548e-11	4.04288355682e-07
2.08087778111e-11	2.17394539703e-07
2.12249533673e-11	3.11217570825e-07
2.16411289235e-11	6.19112729083e-07
2.20573044797e-11	9.47698559628e-07
2.24734800359e-11	1.0813147e-06
2.28896555922e-11	8.88502995622e-07
2.33058311484e-11	3.81179706466e-07
2.37220067046e-11	-2.96948583056e-07
2.41381822608e-11	-9.41353412998e-07
2.45543578171e-11	-1.37418205526e-06
2.49705333733e-11	-1.50709740865e-06
2.53867089295e-11	-1.355435856e-06
2.58028844857e-11	-1.00881034015e-06
2.62190600419e-11	-5.82768304724e-07
2.66352355982e-11	-1.78131378092e-07
2.70514111544e-11	1.37056948901e-07
2.74675867106e-11	3.25539488699e-07
2.78837622668e-11	3.72487274802e-07
2.8299937823e-11	2.80110223905e-07
2.87161133793e-11	6.90076504828e-08
2.91322889355e-11	-2.17949847503e-07
2.95484644917e-11	-5.17231073971e-07
2.99646400479e-11	-7.55211203796e-07
3.03808156042e-11	-8.6639211716e-07
3.07969911604e-11	-8.11997725947e-07
3.12131667166e-11	-5.92408547107e-07
3.16293422728e-11	-2.47420405941e-07
3.2045517829e-11	1.56132590412e-07
3.24616933853e-11	5.44153369475e-07
3.28778689415e-11	8.55114844711e-07
3.32940444977e-11	1.0522961631e-06
3.37102200539e-11	1.12525410145e-06
3.41263956101e-11	1.08236165275e-06
3.45425711664e-11	9.4092429137e-07
3.49587467226e-11	7.20813371657e-07
3.53749222788e-11	4.44268057009e-07
3.5791097835e-11	1.39516910469e-07
3.62072733912e-11	-1.5671757847e-07
3.66234489475e-11	-4.03268819227e-07
3.70396245037e-11	-5.64309395656e-07
3.74558000599e-11	-6.21314754312e-07
3.78719756161e-11	-5.80329011513e-07
3.82881511724e-11	-4.70453889179e-07
3.87043267286e-11	-3.32638661504e-07
3.91205022848e-11	-2.04301329632e-07
3.9536677841e-11	-1.06345329431e-07
3.99528533972e-11	-3.83027549677e-08
4.03690289535e-11	1.61289017142e-08
4.07852045097e-11	7.75295667665e-08
4.12013800659e-11	1.58203020462e-07
4.16175556221e-11	2.55072918343e-07
4.20337311783e-11	3.50418050132e-07
4.24499067346e-11	4.18942798674e-07
4.28660822908e-11	4.38479998977e-07
4.3282257847e-11	3.98312320016e-07
4.36984334032e-11	3.02741373304e-07
4.41146089595e-11	1.69466981781e-07
4.45307845157e-11	2.32195023209e-08
4.49469600719e-11	-1.11503516642e-07
4.53631356281e-11	-2.1672245154e-07
4.57793111843e-11	-2.83567434423e-07
4.61954867406e-11	-3.11535107045e-07
4.66116622968e-11	-3.05075895213e-07
4.7027837853e-11	-2.69972725064e-07
4.74440134092e-11	-2.10897326269e-07
4.78601889654e-11	-1.31810052206e-07
4.82763645217e-11	-3.76355926424e-08
4.86925400779e-11	6.32549808088e-08
4.91087156341e-11	1.58126512773e-07
4.95248911903e-11	2.31235008918e-07
4.99410667466e-11	2.67541989452e-07
5.03572423028e-11	2.57250323266e-07
5.0773417859e-11	1.99772826726e-07
5.11895934152e-11	1.05046860988e-07
5.16057689714e-11	-8.31465285511e-09
5.20219445277e-11	-1.17513571762e-07
5.24381200839e-11	-2.0121842681e-07
5.28542956401e-11	-2.44470232502e-07
5.32704711963e-11	-2.41915328658e-07
5.36866467525e-11	-1.98281478347e-07
5.41028223088e-11	-1.26624825736e-07
5.4518997865e-11	-4.48533161723e-08
5.49351734212e-11	2.87668677768e-08
5.53513489774e-11	8.03008917138e-08
5.57675245336e-11	1.03048006128e-07
5.61837000899e-11	9.87015975618e-08
5.65998756461e-11	7.58705276382e-08
5.70160512023e-11	4.66183662784e-08
5.74322267585e-11	2.20515314897e-08
5.78484023148e-11	8.78232819801e-09
5.8264577871e-11	7.19920156822e-09
5.86807534272e-11	1.20703913531e-08
5.90969289834e-11	1.53662991775e-08
5.95131045396e-11	9.6259671345e-09
5.99292800959e-11	-8.5915598802e-09
6.03454556521e-11	-3.72527668713e-08
6.07616312083e-11	-6.91152695076e-08
6.11778067645e-11	-9.42406499505e-08
6.15939823207e-11	-1.03409215413e-07
6.2010157877e-11	-9.175394311e-08
6.24263334332e-11	-6.0323544826e-08
6.28425089894e-11	-1.63091470329e-08
6.32586845456e-11	2.98705812307e-08
6.36748601019e-11	6.78583302882e-08
6.40910356581e-11	9.09037773944e-08
6.45072112143e-11	9.74034124468e-08
6.49233867705e-11	9.05515880056e-08
6.53395623267e-11	7.56872191587e-08
6.5755737883e-11	5.78623764458e-08
6.61719134392e-11	3.95662502761e-08
6.65880889954e-11	2.0619633001e-08
6.70042645516e-11	-5.95032308148e-10
6.74204401078e-11	-2.50969320881e-08
6.78366156641e-11	-5.16422977714e-08
6.82527912203e-11	-7.64578946821e-08
6.86689667765e-11	-9.40068249911e-08
6.90851423327e-11	-9.91698829722e-08
6.9501317889e-11	-8.90227984662e-08
6.99174934452e-11	-6.41608211005e-08
7.03336690014e-11	-2.8862457202e-08
7.07498445576e-11	1.00475110454e-08
7.11660201138e-11	4.50003472263e-08
7.15821956701e-11	6.9562074545e-08
7.19983712263e-11	7.99900390369e-08
7.24145467825e-11	7.58780318577e-08
7.28307223387e-11	5.9953015219e-08
7.32468978949e-11	3.70653470139e-08
7.36630734512e-11	1.27629107283e-08
7.40792490074e-11	-8.08753863879e-09
7.44954245636e-11	-2.24094276469e-08
7.49116001198e-11	-2.93095879789e-08
7.5327775676e-11	-3.00939112519e-08
7.57439512323e-11	-2.74715890036e-08
7.61601267885e-11	-2.46826210581e-08
7.65763023447e-11	-2.41900284248e-08
7.69924779009e-11	-2.68113589108e-08
7.74086534572e-11	-3.11661010333e-08
7.78248290134e-11	-3.40878181238e-08
7.82410045696e-11	-3.18037856051e-08
7.86571801258e-11	-2.17573516981e-08
7.9073355682e-11	-3.96535046465e-09
7.94895312383e-11	1.83950705779e-08
7.99057067945e-11	3.97361237248e-08
8.03218823507e-11	5.40130433713e-08
8.07380579069e-11	5.70049285553e-08
8.11542334631e-11	4.7710981832e-08
8.15704090194e-11	2.88395933801e-08
8.19865845756e-11	5.54486961901e-09
8.24027601318e-11	-1.63909782969e-08
8.2818935688e-11	-3.24437428034e-08
8.32351112443e-11	-4.03638718005e-08
8.36512868005e-11	-4.04167199708e-08
8.40674623567e-11	-3.4684884298e-08
8.44836379129e-11	-2.61160578718e-08
8.48998134691e-11	-1.733059668e-08
8.53159890254e-11	-9.99424260018e-09
8.57321645816e-11	-4.4702128249e-09
8.61483401378e-11	-2.69537205055e-11
8.6564515694e-11	4.55334128735e-09
8.69806912502e-11	1.01674142994e-08
8.73968668065e-11	1.67237027004e-08
8.78130423627e-11	2.30471099982e-08
8.82292179189e-11	2.72331868167e-08
8.86453934751e-11	2.7387362711e-08
8.90615690313e-11	2.24898907275e-08
8.94777445876e-11	1.27930817051e-08
8.98939201438e-11	-9.25001828606e-11
9.03100957e-11	-1.35973450277e-08
9.07262712562e-11	-2.47842449896e-08
9.11424468125e-11	-3.10305127149e-08
9.15586223687e-11	-3.07082760331e-08
9.19747979249e-11	-2.38745188064e-08
9.23909734811e-11	-1.24986509475e-08
9.28071490373e-11	-1.04025836556e-10
9.32233245936e-11	9.35986504969e-09
9.36395001498e-11	1.28888223427e-08
9.4055675706e-11	9.81852538162e-09
9.44718512622e-11	2.18335191593e-09
9.48880268184e-11	-6.00694513575e-09
9.53042023747e-11	-1.06029492408e-08
9.57203779309e-11	-8.93655874301e-09
9.61365534871e-11	-1.17279584308e-09
9.65527290433e-11	9.91099508019e-09
9.69689045996e-11	1.99933573031e-08
9.73850801558e-11	2.48418587923e-08
9.7801255712e-11	2.19395960288e-08
9.82174312682e-11	1.12568492305e-08
9.86336068244e-11	-4.58279751647e-09
9.90497823807e-11	-2.12083273166e-08
9.94659579369e-11	-3.37750876156e-08
9.98821334931e-11	-3.8439975425e-08
1.00298309049e-10	-3.3783064679e-08
1.00714484606e-10	-2.1163298447e-08
1.01130660162e-10	-4.41753177094e-09
1.01546835718e-10	1.15222736352e-08
1.01963011274e-10	2.23369178709e-08
1.0237918683e-10	2.5671410997e-08
1.02795362387e-10	2.18191057444e-08
1.03211537943e-10	1.32500287409e-08
1.03627713499e-10	3.47379404408e-09
1.04043889055e-10	-4.2755881613e-09
1.04460064612e-10	-8.02423996693e-09
1.04876240168e-10	-7.51671644372e-09
1.05292415724e-10	-4.12084676105e-09
1.0570859128e-10	-1.39240844549e-10
1.06124766836e-10	2.01764731311e-09
1.06540942393e-10	7.48589596561e-10
1.06957117949e-10	-4.04732433679e-09
1.07373293505e-10	-1.07400351945e-08
1.07789469061e-10	-1.65393809759e-08
1.08205644618e-10	-1.8509302091e-08
1.08621820174e-10	-1.50067594462e-08
1.0903799573e-10	-6.47536035903e-09
1.09454171286e-10	4.4884168604e-09
1.09870346842e-10	1.41423092126e-08
1.10286522399e-10	1.90327044125e-08
1.10702697955e-10	1.74327173252e-08
1.11118873511e-10	1.00069961761e-08
1.11535049067e-10	-4.67777839033e-10
1.11951224624e-10	-1.02541755642e-08
1.1236740018e-10	-1.59250554965e-08
1.12783575736e-10	-1.56195323897e-08
1.13199751292e-10	-9.57435802862e-09
1.13615926848e-10	-5.96649570028e-11
1.14032102405e-10	9.40823208229e-09
1.14448277961e-10	1.52002988529e-08
1.14864453517e-10	1.48570913905e-08
1.15280629073e-10	8.03099159397e-09
1.1569680463e-10	-3.20819892874e-09
1.16112980186e-10	-1.50408812072e-08
1.16529155742e-10	-2.32128365418e-08
1.16945331298e-10	-2.46285544181e-08
1.17361506854e-10	-1.84761891342e-08
1.17777682411e-10	-6.59223767241e-09
1.18193857967e-10	7.26497137449e-09
1.18610033523e-10	1.8760488274e-08
1.19026209079e-10	2.43917533949e-08
1.19442384636e-10	2.26045118179e-08
1.19858560192e-10	1.41911823404e-08
1.20274735748e-10	1.8796233181e-09
1.20690911304e-10	-1.04751564645e-08
1.2110708686e-10	-1.91170380637e-08
1.21523262417e-10	-2.15604257781e-08
1.21939437973e-10	-1.74722589175e-08
1.22355613529e-10	-8.7396594961e-09
1.22771789085e-10	1.14551678906e-09
1.23187964641e-10	8.46515829656e-09
1.23604140198e-10	1.06647733422e-08
1.24020315754e-10	7.46508332927e-09
1.2443649131e-10	7.72165869439e-10
1.24852666866e-10	-6.13439174457e-09
1.25268842423e-10	-1.01029161703e-08
1.25685017979e-10	-9.38043215326e-09
1.26101193535e-10	-4.26697834011e-09
1.26517369091e-10	3.09747605343e-09
1.26933544647e-10	9.74655217645e-09
1.27349720204e-10	1.291744256e-08
1.2776589576e-10	1.11546722414e-08
1.28182071316e-10	4.75190178872e-09
1.28598246872e-10	-4.27139720816e-09
1.29014422429e-10	-1.28073036065e-08
1.29430597985e-10	-1.77220350062e-08
1.29846773541e-10	-1.70016852818e-08
1.30262949097e-10	-1.06520252618e-08
1.30679124653e-10	-7.75615080842e-10
1.3109530021e-10	9.09658531834e-09
1.31511475766e-10	1.52940836662e-08
1.31927651322e-10	1.5501990025e-08
1.32343826878e-10	9.62997054321e-09
1.32760002435e-10	-1.90794045493e-10
1.33176177991e-10	-1.04199678885e-08
1.33592353547e-10	-1.74427061128e-08
1.34008529103e-10	-1.87940790708e-08
1.34424704659e-10	-1.39406392541e-08
1.34840880216e-10	-4.4085350509e-09
1.35257055772e-10	6.7161034234e-09
1.35673231328e-10	1.57591437677e-08
1.36089406884e-10	1.9617680147e-08
1.36505582441e-10	1.67996861422e-08
1.36921757997e-10	8.04470587368e-09
1.37337933553e-10	-3.79157073793e-09
1.37754109109e-10	-1.47200548972e-08
1.38170284665e-10	-2.09939964302e-08
1.38586460222e-10	-2.05583612356e-08
1.39002635778e-10	-1.38092471902e-08
1.39418811334e-10	-3.34612446085e-09
1.3983498689e-10	7.05623634523e-09
1.40251162447e-10	1.3911965413e-08
1.40667338003e-10	1.52251677377e-08
1.41083513559e-10	1.10681854792e-08
1.41499689115e-10	3.3309087849e-09
1.41915864671e-10	-5.00710423124e-09
1.42332040228e-10	-1.09522060865e-08
1.42748215784e-10	-1.25202262446e-08
1.4316439134e-10	-9.32640298323e-09
1.43580566896e-10	-2.7652880541e-09
1.43996742453e-10	4.44775441477e-09
1.44412918009e-10	9.33760513355e-09
1.44829093565e-10	9.76112901618e-09
1.45245269121e-10	5.40719979902e-09
1.45661444677e-10	-2.05599037795e-09
1.46077620234e-10	-9.61673884969e-09
1.4649379579e-10	-1.41377246021e-08
1.46909971346e-10	-1.36741727941e-08
1.47326146902e-10	-8.23429810448e-09
1.47742322459e-10	2.6509046e-10
1.48158498015e-10	8.74145861252e-09
1.48574673571e-10	1.41531030229e-08
