% time-domain voltage integration by openEMS v0.0.36-88-g332ca7d @Tue Aug  5 15:10:01 2025
% start-coordinates: (-0.00035527,0.00011376,5.52e-06) m -> [44,863,7]
% stop-coordinates: (-0.00035527,0.00011376,1.32303e-05) m -> [44,863,22]
% t/s	voltage
0	-0
4.16175556221e-13	-5.78304218003e-13
8.32351112443e-13	-1.51741121838e-11
1.24852666866e-12	-6.43044048999e-12
1.66470222489e-12	1.21919130607e-11
2.08087778111e-12	3.33785665123e-11
2.49705333733e-12	3.97128527979e-11
2.91322889355e-12	1.25110341358e-10
3.32940444977e-12	1.97387792743e-10
3.74558000599e-12	2.47143041275e-10
4.16175556221e-12	2.41784131778e-10
4.57793111843e-12	-1.32234381322e-11
4.99410667466e-12	-6.5529041221e-10
5.41028223088e-12	-1.34107425859e-09
5.8264577871e-12	-5.21389072541e-10
6.24263334332e-12	2.95638874492e-09
6.65880889954e-12	1.17068199024e-08
7.07498445576e-12	2.85420919122e-08
7.49116001198e-12	5.3945998113e-08
7.9073355682e-12	8.31096440557e-08
8.32351112443e-12	1.00646836643e-07
8.73968668065e-12	7.80369986408e-08
9.15586223687e-12	-2.56745249505e-08
9.57203779309e-12	-2.51869342272e-07
9.98821334931e-12	-6.20285021569e-07
1.04043889055e-11	-1.10049695579e-06
1.08205644618e-11	-1.589053781e-06
1.1236740018e-11	-1.91054348875e-06
1.16529155742e-11	-1.85690063859e-06
1.20690911304e-11	-1.26283759982e-06
1.24852666866e-11	-9.39887190299e-08
1.29014422429e-11	1.493440422e-06
1.33176177991e-11	3.1600505821e-06
1.37337933553e-11	4.47153821881e-06
1.41499689115e-11	5.04284204794e-06
1.45661444677e-11	4.6792484909e-06
1.4982320024e-11	3.45248396627e-06
1.53984955802e-11	1.67821486485e-06
1.58146711364e-11	-1.92644829866e-07
1.62308466926e-11	-1.71775266722e-06
1.66470222489e-11	-2.58438321055e-06
1.70631978051e-11	-2.67195341053e-06
1.74793733613e-11	-2.05082767479e-06
1.78955489175e-11	-9.38822562802e-07
1.83117244737e-11	3.60865922033e-07
1.872790003e-11	1.52730520142e-06
1.91440755862e-11	2.28939488522e-06
1.95602511424e-11	2.48686788495e-06
1.99764266986e-11	2.10970376457e-06
2.03926022548e-11	1.29802503324e-06
2.08087778111e-11	2.93761727832e-07
2.12249533673e-11	-6.42420374675e-07
2.16411289235e-11	-1.31623463062e-06
2.20573044797e-11	-1.65239654848e-06
2.24734800359e-11	-1.69375061887e-06
2.28896555922e-11	-1.55416110914e-06
2.33058311484e-11	-1.35305181459e-06
2.37220067046e-11	-1.1651127636e-06
2.41381822608e-11	-1.00507162415e-06
2.45543578171e-11	-8.47367097379e-07
2.49705333733e-11	-6.61800154234e-07
2.53867089295e-11	-4.43928415805e-07
2.58028844857e-11	-2.2403486355e-07
2.62190600419e-11	-5.3685134116e-08
2.66352355982e-11	1.95853750995e-08
2.70514111544e-11	-2.33279733308e-08
2.74675867106e-11	-1.60881624467e-07
2.78837622668e-11	-3.33983338763e-07
2.8299937823e-11	-4.63967939623e-07
2.87161133793e-11	-4.77514650044e-07
2.91322889355e-11	-3.32046585783e-07
2.95484644917e-11	-3.30556421124e-08
2.99646400479e-11	3.63165121087e-07
3.03808156042e-11	7.63199089704e-07
3.07969911604e-11	1.06342484685e-06
3.12131667166e-11	1.181831216e-06
3.16293422728e-11	1.08399586907e-06
3.2045517829e-11	7.95029734491e-07
3.24616933853e-11	3.92600174592e-07
3.28778689415e-11	-1.67524853989e-08
3.32940444977e-11	-3.30079380717e-07
3.37102200539e-11	-4.79699169276e-07
3.41263956101e-11	-4.52960639663e-07
3.45425711664e-11	-2.93774407467e-07
3.49587467226e-11	-8.44506113928e-08
3.53749222788e-11	8.58449586971e-08
3.5791097835e-11	1.54113273254e-07
3.62072733912e-11	1.05008152396e-07
3.66234489475e-11	-2.80995449131e-08
3.70396245037e-11	-1.81497725293e-07
3.74558000599e-11	-2.90679233572e-07
3.78719756161e-11	-3.1688185409e-07
3.82881511724e-11	-2.59220925614e-07
3.87043267286e-11	-1.48910531905e-07
3.91205022848e-11	-3.00595771607e-08
3.9536677841e-11	6.18708195788e-08
3.99528533972e-11	1.1348525053e-07
4.03690289535e-11	1.33975847749e-07
4.07852045097e-11	1.44147779935e-07
4.12013800659e-11	1.61831142265e-07
4.16175556221e-11	1.91508515712e-07
4.20337311783e-11	2.22857198473e-07
4.24499067346e-11	2.38117610962e-07
4.28660822908e-11	2.23106420449e-07
4.3282257847e-11	1.76025208631e-07
4.36984334032e-11	1.09329965081e-07
4.41146089595e-11	4.44362087126e-08
4.45307845157e-11	1.8752501045e-09
4.49469600719e-11	-7.9123187724e-09
4.53631356281e-11	1.11890414156e-08
4.57793111843e-11	4.34663967042e-08
4.61954867406e-11	6.91718404777e-08
4.66116622968e-11	7.32421479022e-08
4.7027837853e-11	5.10476070303e-08
4.74440134092e-11	8.63673502161e-09
4.78601889654e-11	-4.19122050399e-08
4.82763645217e-11	-8.85520066163e-08
4.86925400779e-11	-1.24013907143e-07
4.91087156341e-11	-1.46696766734e-07
4.95248911903e-11	-1.58178103504e-07
4.99410667466e-11	-1.59864842253e-07
5.03572423028e-11	-1.50667395005e-07
5.0773417859e-11	-1.27619505186e-07
5.11895934152e-11	-8.87414097761e-08
5.16057689714e-11	-3.60284302392e-08
5.20219445277e-11	2.3104809177e-08
5.24381200839e-11	7.71301040814e-08
5.28542956401e-11	1.14252960426e-07
5.32704711963e-11	1.26682245583e-07
5.36866467525e-11	1.13427710779e-07
5.41028223088e-11	8.05751434463e-08
5.4518997865e-11	3.87028784576e-08
5.49351734212e-11	-8.13385301821e-10
5.53513489774e-11	-2.9179532901e-08
5.57675245336e-11	-4.19000869556e-08
5.61837000899e-11	-3.88896992387e-08
5.65998756461e-11	-2.34530961318e-08
5.70160512023e-11	-1.06218837588e-09
5.74322267585e-11	2.15479415422e-08
5.78484023148e-11	3.74351023513e-08
5.8264577871e-11	4.07549649584e-08
5.86807534272e-11	2.85023306068e-08
5.90969289834e-11	2.15932643641e-09
5.95131045396e-11	-3.1971370662e-08
5.99292800959e-11	-6.41890371966e-08
6.03454556521e-11	-8.44566994118e-08
6.07616312083e-11	-8.60259539159e-08
6.11778067645e-11	-6.81621437071e-08
6.15939823207e-11	-3.6469925746e-08
6.2010157877e-11	-8.76149420376e-10
6.24263334332e-11	2.79191153529e-08
6.28425089894e-11	4.23184336462e-08
6.32586845456e-11	4.01529220984e-08
6.36748601019e-11	2.49685939702e-08
6.40910356581e-11	4.26591172109e-09
6.45072112143e-11	-1.3603661142e-08
6.49233867705e-11	-2.24661685921e-08
6.53395623267e-11	-2.02535604954e-08
6.5755737883e-11	-9.1223598675e-09
6.61719134392e-11	6.0597923901e-09
6.65880889954e-11	1.99810740176e-08
6.70042645516e-11	2.87156755041e-08
6.74204401078e-11	3.08135473803e-08
6.78366156641e-11	2.69024057475e-08
6.82527912203e-11	1.88311535254e-08
6.86689667765e-11	8.90379137086e-09
6.90851423327e-11	-6.94945927193e-10
6.9501317889e-11	-8.01758381908e-09
6.99174934452e-11	-1.15140511014e-08
7.03336690014e-11	-1.06103666964e-08
7.07498445576e-11	-6.1657549344e-09
7.11660201138e-11	-5.25580901717e-10
7.15821956701e-11	3.22322529778e-09
7.19983712263e-11	2.64290545005e-09
7.24145467825e-11	-2.65550667566e-09
7.28307223387e-11	-1.05830733621e-08
7.32468978949e-11	-1.73104698353e-08
7.36630734512e-11	-1.91298997754e-08
7.40792490074e-11	-1.42307421958e-08
7.44954245636e-11	-3.86129467289e-09
7.49116001198e-11	8.1203653246e-09
7.5327775676e-11	1.67933488227e-08
7.57439512323e-11	1.84102664225e-08
7.61601267885e-11	1.2006943606e-08
7.65763023447e-11	-5.04247538906e-11
7.69924779009e-11	-1.30629478901e-08
7.74086534572e-11	-2.18713013256e-08
7.78248290134e-11	-2.30399103129e-08
7.82410045696e-11	-1.61692361167e-08
7.86571801258e-11	-4.06630439043e-09
7.9073355682e-11	8.49119835555e-09
7.94895312383e-11	1.67376755789e-08
7.99057067945e-11	1.78567718945e-08
8.03218823507e-11	1.20071948495e-08
8.07380579069e-11	1.95771014677e-09
8.11542334631e-11	-8.08067585067e-09
8.15704090194e-11	-1.42815345661e-08
8.19865845756e-11	-1.45047794331e-08
8.24027601318e-11	-8.80404349424e-09
8.2818935688e-11	7.81234455599e-10
8.32351112443e-11	1.12055289492e-08
8.36512868005e-11	1.93384797065e-08
8.40674623567e-11	2.27808306663e-08
8.44836379129e-11	2.03031818025e-08
8.48998134691e-11	1.21795997177e-08
8.53159890254e-11	1.20511541284e-10
8.57321645816e-11	-1.29004288918e-08
8.61483401378e-11	-2.33715808928e-08
8.6564515694e-11	-2.81609169317e-08
8.69806912502e-11	-2.57131167469e-08
8.73968668065e-11	-1.67407124274e-08
8.78130423627e-11	-4.2139289419e-09
8.82292179189e-11	7.64572175016e-09
8.86453934751e-11	1.48799510491e-08
8.90615690313e-11	1.53999565877e-08
8.94777445876e-11	9.76030228861e-09
8.98939201438e-11	7.69702249853e-10
9.03100957e-11	-7.68601787771e-09
9.07262712562e-11	-1.22455036666e-08
9.11424468125e-11	-1.14577028976e-08
9.15586223687e-11	-6.02051597465e-09
9.19747979249e-11	1.60010751177e-09
9.23909734811e-11	8.32858040867e-09
9.28071490373e-11	1.1715395154e-08
9.32233245936e-11	1.07306522557e-08
9.36395001498e-11	6.14176531855e-09
9.4055675706e-11	1.28867731102e-11
9.44718512622e-11	-5.19360521256e-09
9.48880268184e-11	-7.55820336873e-09
9.53042023747e-11	-6.53704851361e-09
9.57203779309e-11	-3.01943570147e-09
9.61365534871e-11	1.04301140294e-09
9.65527290433e-11	3.64214511328e-09
9.69689045996e-11	3.56688428793e-09
9.73850801558e-11	7.88123517836e-10
9.7801255712e-11	-3.55545926034e-09
9.82174312682e-11	-7.78244144128e-09
9.86336068244e-11	-1.02766032906e-08
9.90497823807e-11	-9.98901600324e-09
9.94659579369e-11	-6.65242244624e-09
9.98821334931e-11	-9.30186185022e-10
1.00298309049e-10	5.71767566626e-09
1.00714484606e-10	1.1236170161e-08
1.01130660162e-10	1.34752315972e-08
1.01546835718e-10	1.10461348957e-08
1.01963011274e-10	4.00687205637e-09
1.0237918683e-10	-5.77605396845e-09
1.02795362387e-10	-1.50948887834e-08
1.03211537943e-10	-2.04851475782e-08
1.03627713499e-10	-1.96640118633e-08
1.04043889055e-10	-1.2555484763e-08
1.04460064612e-10	-1.36365774228e-09
1.04876240168e-10	1.0227524383e-08
1.05292415724e-10	1.84387812796e-08
1.0570859128e-10	2.06930326208e-08
1.06124766836e-10	1.64804628833e-08
1.06540942393e-10	7.40387645637e-09
1.06957117949e-10	-3.46997518219e-09
1.07373293505e-10	-1.26468880923e-08
1.07789469061e-10	-1.73348127519e-08
1.08205644618e-10	-1.63361296157e-08
1.08621820174e-10	-1.04263856437e-08
1.0903799573e-10	-1.98872212448e-09
1.09454171286e-10	5.84421447347e-09
1.09870346842e-10	1.04369275444e-08
1.10286522399e-10	1.0555875507e-08
1.10702697955e-10	6.73278124919e-09
1.11118873511e-10	8.614288588e-10
1.11535049067e-10	-4.68071686965e-09
1.11951224624e-10	-8.00558619396e-09
1.1236740018e-10	-8.26860999115e-09
1.12783575736e-10	-5.82325618281e-09
1.13199751292e-10	-1.87700193582e-09
1.13615926848e-10	2.00676029266e-09
1.14032102405e-10	4.37324110258e-09
1.14448277961e-10	4.32777322312e-09
1.14864453517e-10	1.87086591358e-09
1.15280629073e-10	-2.05517701468e-09
1.1569680463e-10	-5.7663562536e-09
1.16112980186e-10	-7.46176342936e-09
1.16529155742e-10	-5.98731236812e-09
1.16945331298e-10	-1.49653135023e-09
1.17361506854e-10	4.41516743999e-09
1.17777682411e-10	9.30162902257e-09
1.18193857967e-10	1.08724810821e-08
1.18610033523e-10	8.04790079023e-09
1.19026209079e-10	1.46517667443e-09
1.19442384636e-10	-6.64932359173e-09
1.19858560192e-10	-1.33824015203e-08
1.20274735748e-10	-1.61912588892e-08
1.20690911304e-10	-1.38523922333e-08
1.2110708686e-10	-6.91858370594e-09
1.21523262417e-10	2.49075279846e-09
1.21939437973e-10	1.13395633439e-08
1.22355613529e-10	1.66565434223e-08
1.22771789085e-10	1.65602296875e-08
1.23187964641e-10	1.09283830318e-08
1.23604140198e-10	1.54762339749e-09
1.24020315754e-10	-8.52643039506e-09
1.2443649131e-10	-1.59773660413e-08
1.24852666866e-10	-1.8416710601e-08
1.25268842423e-10	-1.52396028574e-08
1.25685017979e-10	-7.76735617491e-09
1.26101193535e-10	1.3343667768e-09
1.26517369091e-10	9.06934760625e-09
1.26933544647e-10	1.31392812741e-08
1.27349720204e-10	1.25938327544e-08
1.2776589576e-10	8.0190942775e-09
1.28182071316e-10	1.18445465241e-09
1.28598246872e-10	-5.57895610265e-09
1.29014422429e-10	-1.01033011402e-08
1.29430597985e-10	-1.10154526056e-08
1.29846773541e-10	-8.22438203651e-09
1.30262949097e-10	-2.91995072565e-09
1.30679124653e-10	2.8023470211e-09
1.3109530021e-10	6.68959626582e-09
1.31511475766e-10	7.27868262884e-09
1.31927651322e-10	4.45002010241e-09
1.32343826878e-10	-4.5968261142e-10
1.32760002435e-10	-5.23626250692e-09
1.33176177991e-10	-7.76873362862e-09
1.33592353547e-10	-6.95747850998e-09
1.34008529103e-10	-3.14738116125e-09
1.34424704659e-10	2.05833732697e-09
1.34840880216e-10	6.47432402134e-09
1.35257055772e-10	8.22600887407e-09
1.35673231328e-10	6.43453143545e-09
1.36089406884e-10	1.57403414608e-09
1.36505582441e-10	-4.71787439671e-09
1.36921757997e-10	-1.01634037297e-08
1.37337933553e-10	-1.26326395455e-08
1.37754109109e-10	-1.09259187808e-08
1.38170284665e-10	-5.31084093369e-09
1.38586460222e-10	2.49027563848e-09
1.39002635778e-10	9.74804298393e-09
1.39418811334e-10	1.38125983984e-08
1.3983498689e-10	1.3071594418e-08
1.40251162447e-10	7.64934332542e-09
1.40667338003e-10	-6.59778131434e-10
1.41083513559e-10	-9.0178478851e-09
1.41499689115e-10	-1.46588687855e-08
1.41915864671e-10	-1.57916846266e-08
1.42332040228e-10	-1.21296307998e-08
1.42748215784e-10	-4.93225371656e-09
1.4316439134e-10	3.50269190041e-09
1.43580566896e-10	1.05196145683e-08
1.43996742453e-10	1.39472840499e-08
1.44412918009e-10	1.26867074068e-08
1.44829093565e-10	7.20588561043e-09
1.45245269121e-10	-6.5935238866e-10
1.45661444677e-10	-8.17629783323e-09
1.46077620234e-10	-1.27454949372e-08
1.4649379579e-10	-1.28664457977e-08
1.46909971346e-10	-8.71256114476e-09
1.47326146902e-10	-2.06067347908e-09
1.47742322459e-10	4.48221679217e-09
1.48158498015e-10	8.53674003709e-09
1.48574673571e-10	8.8447815183e-09
