% time-domain current integration by openEMS v0.0.36-88-g332ca7d @Tue Aug  5 15:10:01 2025
% start-coordinates: (-0.00035577,0.000107383,9.2303e-06) m -> [43,851,13]
% stop-coordinates: (-0.00035477,0.000119912,9.2303e-06) m -> [45,875,13]
% t/s	current
3.84635449373e-16	0
4.16560191671e-13	2.55844912584e-14
8.32735747892e-13	1.94542841038e-13
1.24891130411e-12	1.48964336959e-13
1.66508686033e-12	-1.59596714642e-13
2.08126241656e-12	-6.12183155731e-13
2.49743797278e-12	-1.16409692216e-12
2.913613529e-12	-2.60957032892e-12
3.32978908522e-12	-4.06240926315e-12
3.74596464144e-12	-4.8861114807e-12
4.16214019766e-12	-4.79624196262e-12
4.57831575388e-12	5.33133216393e-13
4.9944913101e-12	1.36100158921e-11
5.41066686633e-12	2.73230639503e-11
5.82684242255e-12	1.03105562282e-11
6.24301797877e-12	-6.04497563117e-11
6.65919353499e-12	-2.38285530196e-10
7.07536909121e-12	-5.78278369634e-10
7.49154464743e-12	-1.08954389955e-09
7.90772020365e-12	-1.67247105054e-09
8.32389575987e-12	-2.01509831044e-09
8.7400713161e-12	-1.54183266154e-09
9.15624687232e-12	5.69396474415e-10
9.57242242854e-12	5.14274978158e-09
9.98859798476e-12	1.25602559464e-08
1.0404773541e-11	2.21905605002e-08
1.08209490972e-11	3.19368638202e-08
1.12371246534e-11	3.8270254521e-08
1.16533002096e-11	3.70294443996e-08
1.20694757659e-11	2.494021345e-08
1.24856513221e-11	1.37505684616e-09
1.29018268783e-11	-3.04708756005e-08
1.33180024345e-11	-6.37558912331e-08
1.37341779908e-11	-8.97841729852e-08
1.4150353547e-11	-1.00899079314e-07
1.45665291032e-11	-9.32923001074e-08
1.49827046594e-11	-6.84948773255e-08
1.53988802156e-11	-3.28909273151e-08
1.58150557719e-11	4.47829684447e-09
1.62312313281e-11	3.47929827171e-08
1.66474068843e-11	5.18595690835e-08
1.70635824405e-11	5.33372883638e-08
1.74797579967e-11	4.06951485843e-08
1.7895933553e-11	1.8331228091e-08
1.83121091092e-11	-7.67188446105e-09
1.87282846654e-11	-3.09013898914e-08
1.91444602216e-11	-4.5964206663e-08
1.95606357778e-11	-4.97029262192e-08
1.99768113341e-11	-4.19729850876e-08
2.03929868903e-11	-2.56241410312e-08
2.08091624465e-11	-5.51770540369e-09
2.12253380027e-11	1.31422241978e-08
2.1641513559e-11	2.65054307391e-08
2.20576891152e-11	3.3111234643e-08
2.24738646714e-11	3.38520536047e-08
2.28900402276e-11	3.10187679986e-08
2.33062157838e-11	2.69912252548e-08
2.37223913401e-11	2.32425882984e-08
2.41385668963e-11	2.00479526313e-08
2.45547424525e-11	1.68880891493e-08
2.49709180087e-11	1.3163560908e-08
2.53870935649e-11	8.7978859753e-09
2.58032691212e-11	4.40779279742e-09
2.62194446774e-11	1.0279176399e-09
2.66356202336e-11	-3.97180510703e-10
2.70517957898e-11	5.01235164485e-10
2.74679713461e-11	3.27742610828e-09
2.78841469023e-11	6.73858835398e-09
2.83003224585e-11	9.30876620231e-09
2.87164980147e-11	9.52810630395e-09
2.91326735709e-11	6.55997700605e-09
2.95488491272e-11	5.32685284771e-10
2.99650246834e-11	-7.41131822579e-09
3.03812002396e-11	-1.53947130599e-08
3.07973757958e-11	-2.13470627841e-08
3.1213551352e-11	-2.36411104027e-08
3.16297269083e-11	-2.16084607985e-08
3.20459024645e-11	-1.57724446836e-08
3.24620780207e-11	-7.70157182473e-09
3.28782535769e-11	4.68414751431e-10
3.32944291332e-11	6.68600241838e-09
3.37106046894e-11	9.61454382775e-09
3.41267802456e-11	9.02208974196e-09
3.45429558018e-11	5.80469272649e-09
3.4959131358e-11	1.61700997037e-09
3.53753069143e-11	-1.76132508578e-09
3.57914824705e-11	-3.08459346954e-09
3.62076580267e-11	-2.06425609939e-09
3.66238335829e-11	6.17356110677e-10
3.70400091391e-11	3.68013641783e-09
3.74561846954e-11	5.83902348694e-09
3.78723602516e-11	6.33105567971e-09
3.82885358078e-11	5.15208098406e-09
3.8704711364e-11	2.93482593783e-09
3.91208869202e-11	5.62095592294e-10
3.95370624765e-11	-1.26299448677e-09
3.99532380327e-11	-2.28136864955e-09
4.03694135889e-11	-2.68348987476e-09
4.07855891451e-11	-2.88700507944e-09
4.12017647014e-11	-3.2452203147e-09
4.16179402576e-11	-3.84213594273e-09
4.20341158138e-11	-4.46693126932e-09
4.245029137e-11	-4.76350914269e-09
4.28664669262e-11	-4.45132464222e-09
4.32826424825e-11	-3.49962037127e-09
4.36988180387e-11	-2.1620012447e-09
4.41149935949e-11	-8.68474681059e-10
4.45311691511e-11	-2.76239985747e-11
4.49473447073e-11	1.56452281685e-10
4.53635202636e-11	-2.33598945742e-10
4.57796958198e-11	-8.80510331314e-10
4.6195871376e-11	-1.38943478944e-09
4.66120469322e-11	-1.46189860217e-09
4.70282224885e-11	-1.00931540903e-09
4.74443980447e-11	-1.55799331769e-10
4.78605736009e-11	8.55988335768e-10
4.82767491571e-11	1.78610726209e-09
4.86929247133e-11	2.49109755046e-09
4.91091002696e-11	2.94051738514e-09
4.95252758258e-11	3.16644110931e-09
4.9941451382e-11	3.19633475243e-09
5.03576269382e-11	3.00774094519e-09
5.07738024944e-11	2.54112397791e-09
5.11899780507e-11	1.75781778022e-09
5.16061536069e-11	6.99711122376e-10
5.20223291631e-11	-4.83167950094e-10
5.24385047193e-11	-1.55941837221e-09
5.28546802755e-11	-2.29384000683e-09
5.32708558318e-11	-2.53287368857e-09
5.3687031388e-11	-2.25937712983e-09
5.41032069442e-11	-1.59729507399e-09
5.45193825004e-11	-7.59014462393e-10
5.49355580567e-11	2.83764244741e-11
5.53517336129e-11	5.90509696696e-10
5.57679091691e-11	8.39115277262e-10
5.61840847253e-11	7.73963393375e-10
5.66002602815e-11	4.61991916945e-10
5.70164358378e-11	1.31197448738e-11
5.7432611394e-11	-4.37742508907e-10
5.78487869502e-11	-7.51976203528e-10
5.82649625064e-11	-8.13303313585e-10
5.86811380626e-11	-5.62938140547e-10
5.90973136189e-11	-3.21803104997e-11
5.95134891751e-11	6.51470488666e-10
5.99296647313e-11	1.29325694598e-09
6.03458402875e-11	1.6929947444e-09
6.07620158438e-11	1.71745273558e-09
6.11781914e-11	1.35421296399e-09
6.15943669562e-11	7.17252313098e-10
6.20105425124e-11	6.00422966554e-12
6.24267180686e-11	-5.66008351299e-10
6.28428936249e-11	-8.48424663857e-10
6.32590691811e-11	-7.99864174894e-10
6.36752447373e-11	-4.92986262923e-10
6.40914202935e-11	-7.8495446254e-11
6.45075958497e-11	2.76738187921e-10
6.4923771406e-11	4.50396053786e-10
6.53399469622e-11	4.02678890232e-10
6.57561225184e-11	1.77864500905e-10
6.61722980746e-11	-1.26179039439e-10
6.65884736309e-11	-4.03435479468e-10
6.70046491871e-11	-5.76127534568e-10
6.74208247433e-11	-6.15997974851e-10
6.78370002995e-11	-5.36199251666e-10
6.82531758557e-11	-3.73777453433e-10
6.8669351412e-11	-1.74921119256e-10
6.90855269682e-11	1.68108253012e-11
6.95017025244e-11	1.62442559404e-10
6.99178780806e-11	2.31153290953e-10
7.03340536368e-11	2.11700504349e-10
7.07502291931e-11	1.21840662559e-10
7.11664047493e-11	8.94578855437e-12
7.15825803055e-11	-6.51472764623e-11
7.19987558617e-11	-5.20692690353e-11
7.24149314179e-11	5.51728836229e-11
7.28311069742e-11	2.14040188351e-10
7.32472825304e-11	3.47584405702e-10
7.36634580866e-11	3.8201164454e-10
7.40796336428e-11	2.81962453386e-10
7.44958091991e-11	7.33748756199e-11
7.49119847553e-11	-1.65890232107e-10
7.53281603115e-11	-3.37481209645e-10
7.57443358677e-11	-3.67145064351e-10
7.61605114239e-11	-2.36796637854e-10
7.65766869802e-11	5.39160599847e-12
7.69928625364e-11	2.64960831053e-10
7.74090380926e-11	4.38973829509e-10
7.78252136488e-11	4.59588422874e-10
7.8241389205e-11	3.19956977579e-10
7.86575647613e-11	7.70546543238e-11
7.90737403175e-11	-1.73336622833e-10
7.94899158737e-11	-3.36214917018e-10
7.99060914299e-11	-3.56141310887e-10
8.03222669862e-11	-2.37283415139e-10
8.07384425424e-11	-3.57306198517e-11
8.11546180986e-11	1.64283892046e-10
8.15707936548e-11	2.8651359063e-10
8.1986969211e-11	2.88893270417e-10
8.24031447673e-11	1.73369318901e-10
8.28193203235e-11	-1.90035556735e-11
8.32354958797e-11	-2.2712408343e-10
8.36516714359e-11	-3.88553911268e-10
8.40678469921e-11	-4.55676552047e-10
8.44840225484e-11	-4.0427408643e-10
8.49001981046e-11	-2.40247710614e-10
8.53163736608e-11	1.77703728468e-12
8.5732549217e-11	2.61999116846e-10
8.61487247733e-11	4.70147809573e-10
8.65649003295e-11	5.63791402453e-10
8.69810758857e-11	5.12475006875e-10
8.73972514419e-11	3.31234040196e-10
8.78134269981e-11	8.00884289442e-11
8.82296025544e-11	-1.56286622532e-10
8.86457781106e-11	-2.99098551482e-10
8.90619536668e-11	-3.07277647771e-10
8.9478129223e-11	-1.92827365186e-10
8.98943047792e-11	-1.25252499344e-11
9.03104803355e-11	1.5586858193e-10
9.07266558917e-11	2.45582360003e-10
9.11428314479e-11	2.28216334719e-10
9.15590070041e-11	1.18372783797e-10
9.19751825603e-11	-3.42488815086e-11
9.23913581166e-11	-1.68142513801e-10
9.28075336728e-11	-2.34685076927e-10
9.3223709229e-11	-2.13736778276e-10
9.36398847852e-11	-1.21180093737e-10
9.40560603415e-11	1.46206462735e-12
9.44722358977e-11	1.04969158365e-10
9.48884114539e-11	1.51303095053e-10
9.53045870101e-11	1.29987340336e-10
9.57207625663e-11	5.92426593893e-11
9.61369381226e-11	-2.17617764087e-11
9.65531136788e-11	-7.30078358879e-11
9.6969289235e-11	-7.06563210717e-11
9.73854647912e-11	-1.45226027384e-11
9.78016403474e-11	7.24211801639e-11
9.82178159037e-11	1.56530927109e-10
9.86339914599e-11	2.05654285268e-10
9.90501670161e-11	1.9902814119e-10
9.94663425723e-11	1.31523736346e-10
9.98825181286e-11	1.66342876973e-11
1.00298693685e-10	-1.16219346646e-10
1.00714869241e-10	-2.25868712622e-10
1.01131044797e-10	-2.69394090369e-10
1.01547220353e-10	-2.1928996119e-10
1.0196339591e-10	-7.7288848932e-11
1.02379571466e-10	1.18725848597e-10
1.02795747022e-10	3.04347186342e-10
1.03211922578e-10	4.10415784691e-10
1.03628098135e-10	3.91870896843e-10
1.04044273691e-10	2.47979581314e-10
1.04460449247e-10	2.34135176524e-11
1.04876624803e-10	-2.07859965351e-10
1.05292800359e-10	-3.70473290934e-10
1.05708975916e-10	-4.13509448904e-10
1.06125151472e-10	-3.2739888578e-10
1.06541327028e-10	-1.44786210798e-10
1.06957502584e-10	7.27112398069e-11
1.07373678141e-10	2.5523996805e-10
1.07789853697e-10	3.47392781208e-10
1.08206029253e-10	3.25698079617e-10
1.08622204809e-10	2.06240496903e-10
1.09038380365e-10	3.71436353896e-11
1.09454555922e-10	-1.18921344994e-10
1.09870731478e-10	-2.09559120057e-10
1.10286907034e-10	-2.10592696059e-10
1.1070308259e-10	-1.33194386076e-10
1.11119258147e-10	-1.55105095434e-11
1.11535433703e-10	9.49604284095e-11
1.11951609259e-10	1.60660526549e-10
1.12367784815e-10	1.65081615044e-10
1.12783960371e-10	1.15614455509e-10
1.13200135928e-10	3.65012985115e-11
1.13616311484e-10	-4.09849099103e-11
1.1403248704e-10	-8.7798421311e-11
1.14448662596e-10	-8.62044602368e-11
1.14864838153e-10	-3.65457802909e-11
1.15281013709e-10	4.21618503998e-11
1.15697189265e-10	1.16084059032e-10
1.16113364821e-10	1.49204676392e-10
1.16529540377e-10	1.18732246257e-10
1.16945715934e-10	2.8261159038e-11
1.1736189149e-10	-9.00042471108e-11
1.17778067046e-10	-1.86984566719e-10
1.18194242602e-10	-2.17107068434e-10
1.18610418159e-10	-1.59268070954e-10
1.19026593715e-10	-2.6793735633e-11
1.19442769271e-10	1.35414249258e-10
1.19858944827e-10	2.69096689376e-10
1.20275120383e-10	3.23732790575e-10
1.2069129594e-10	2.75381994985e-10
1.21107471496e-10	1.35611799568e-10
1.21523647052e-10	-5.28216602402e-11
1.21939822608e-10	-2.29070290514e-10
1.22355998164e-10	-3.33911925887e-10
1.22772173721e-10	-3.30187849285e-10
1.23188349277e-10	-2.16019771515e-10
1.23604524833e-10	-2.76992873083e-11
1.24020700389e-10	1.73438055584e-10
1.24436875946e-10	3.21187965113e-10
1.24853051502e-10	3.68175795407e-10
1.25269227058e-10	3.02985081468e-10
1.25685402614e-10	1.52597837144e-10
1.2610157817e-10	-2.94470073325e-11
1.26517753727e-10	-1.83292131473e-10
1.26933929283e-10	-2.63360167008e-10
1.27350104839e-10	-2.51063975165e-10
1.27766280395e-10	-1.58605018008e-10
1.28182455952e-10	-2.15410154991e-11
1.28598631508e-10	1.13378625932e-10
1.29014807064e-10	2.02988070797e-10
1.2943098262e-10	2.20107709836e-10
1.29847158176e-10	1.63291075106e-10
1.30263333733e-10	5.67210618752e-11
1.30679509289e-10	-5.75683771487e-11
1.31095684845e-10	-1.34534924867e-10
1.31511860401e-10	-1.45268075347e-10
1.31928035958e-10	-8.78452310893e-11
1.32344211514e-10	1.06813568407e-11
1.3276038707e-10	1.05808320439e-10
1.33176562626e-10	1.5554826871e-10
1.33592738182e-10	1.38358782764e-10
1.34008913739e-10	6.15078404875e-11
1.34425089295e-10	-4.26200810755e-11
1.34841264851e-10	-1.30318394964e-10
1.35257440407e-10	-1.64325608676e-10
1.35673615964e-10	-1.27502605696e-10
1.3608979152e-10	-2.96719177006e-11
1.36505967076e-10	9.61787108289e-11
1.36922142632e-10	2.04417135996e-10
1.37338318188e-10	2.52651038979e-10
1.37754493745e-10	2.1720922283e-10
1.38170669301e-10	1.03961811382e-10
1.38586844857e-10	-5.22829730898e-11
1.39003020413e-10	-1.9677207086e-10
1.3941919597e-10	-2.76701606072e-10
1.39835371526e-10	-2.60317462031e-10
1.40251547082e-10	-1.50650658615e-10
1.40667722638e-10	1.59596467986e-11
1.41083898194e-10	1.82623263734e-10
1.41500073751e-10	2.94190061201e-10
1.41916249307e-10	3.15341169843e-10
1.42332424863e-10	2.40786668382e-10
1.42748600419e-10	9.61078161499e-11
1.43164775976e-10	-7.25482937614e-11
1.43580951532e-10	-2.12073678063e-10
1.43997127088e-10	-2.79312906137e-10
1.44413302644e-10	-2.52685899982e-10
1.448294782e-10	-1.41959902167e-10
1.45245653757e-10	1.57064795198e-11
1.45661829313e-10	1.6552309523e-10
1.46078004869e-10	2.5572213791e-10
1.46494180425e-10	2.56680954269e-10
1.46910355982e-10	1.72494102335e-10
1.47326531538e-10	3.90710831744e-11
1.47742707094e-10	-9.13436826178e-11
1.4815888265e-10	-1.71407124605e-10
1.48575058206e-10	-1.76409761798e-10
