% time-domain current integration by openEMS v0.0.36-88-g332ca7d @Tue Aug  5 15:10:01 2025
% start-coordinates: (0.00035427,-0.000216211,9.2303e-06) m -> [1245,304,13]
% stop-coordinates: (0.00035527,-0.000203267,9.2303e-06) m -> [1247,326,13]
% t/s	current
3.84635449373e-16	0
4.16560191671e-13	0
8.32735747892e-13	0
1.24891130411e-12	0
1.66508686033e-12	0
2.08126241656e-12	0
2.49743797278e-12	0
2.913613529e-12	-2.19144059711e-16
3.32978908522e-12	1.52693223327e-14
3.74596464144e-12	-4.70108842262e-14
4.16214019766e-12	-7.57706817753e-14
4.57831575388e-12	3.78663131395e-14
4.9944913101e-12	1.51466689126e-13
5.41066686633e-12	-6.70043380046e-14
5.82684242255e-12	3.05372656957e-14
6.24301797877e-12	-2.44841226151e-14
6.65919353499e-12	6.98186219126e-14
7.07536909121e-12	-5.68832090805e-13
7.49154464743e-12	-1.18649968323e-12
7.90772020365e-12	-1.60409467827e-12
8.32389575987e-12	-2.05165333507e-12
8.7400713161e-12	-8.887372175e-13
9.15624687232e-12	1.26106969919e-12
9.57242242854e-12	5.94994322908e-12
9.98859798476e-12	1.07784380379e-11
1.0404773541e-11	1.46287704172e-11
1.08209490972e-11	1.08194555745e-11
1.12371246534e-11	-2.87291674825e-13
1.16533002096e-11	-2.05932718794e-11
1.20694757659e-11	-4.39326248991e-11
1.24856513221e-11	-6.3273532247e-11
1.29018268783e-11	-6.42834604991e-11
1.33180024345e-11	-4.80129408453e-11
1.37341779908e-11	-1.99780261778e-11
1.4150353547e-11	8.71371898248e-12
1.45665291032e-11	2.46363381085e-11
1.49827046594e-11	2.82618858871e-11
1.53988802156e-11	3.8588899437e-11
1.58150557719e-11	8.85707271414e-11
1.62312313281e-11	2.01534816613e-10
1.66474068843e-11	3.90589893762e-10
1.70635824405e-11	6.95885682411e-10
1.74797579967e-11	1.25577914734e-09
1.7895933553e-11	2.39154140935e-09
1.83121091092e-11	4.59419036147e-09
1.87282846654e-11	8.35709901281e-09
1.91444602216e-11	1.37954625501e-08
1.95606357778e-11	2.01800425259e-08
1.99768113341e-11	2.56079157879e-08
2.03929868903e-11	2.71797855333e-08
2.08091624465e-11	2.1801158212e-08
2.12253380027e-11	7.48396100647e-09
2.1641513559e-11	-1.53183226104e-08
2.20576891152e-11	-4.30782947092e-08
2.24738646714e-11	-6.9729779284e-08
2.28900402276e-11	-8.84003839019e-08
2.33062157838e-11	-9.37574426985e-08
2.37223913401e-11	-8.39643519157e-08
2.41385668963e-11	-6.13902173541e-08
2.45547424525e-11	-3.17189190469e-08
2.49709180087e-11	-1.85893656024e-09
2.53870935649e-11	2.24198277721e-08
2.58032691212e-11	3.81216764822e-08
2.62194446774e-11	4.53409967349e-08
2.66356202336e-11	4.63029081743e-08
2.70517957898e-11	4.37762004424e-08
2.74679713461e-11	3.96683077497e-08
2.78841469023e-11	3.44451080991e-08
2.83003224585e-11	2.75230060964e-08
2.87164980147e-11	1.82515531577e-08
2.91326735709e-11	6.86080880996e-09
2.95488491272e-11	-5.16623499536e-09
2.99650246834e-11	-1.55003032631e-08
3.03812002396e-11	-2.18858602352e-08
3.07973757958e-11	-2.30885266461e-08
3.1213551352e-11	-1.93898266332e-08
3.16297269083e-11	-1.24275638669e-08
3.20459024645e-11	-4.51665016499e-09
3.24620780207e-11	2.20832685471e-09
3.28782535769e-11	6.45820374956e-09
3.32944291332e-11	8.0255393442e-09
3.37106046894e-11	7.57880158631e-09
3.41267802456e-11	6.16799766817e-09
3.45429558018e-11	4.69945771187e-09
3.4959131358e-11	3.59706109343e-09
3.53753069143e-11	2.76529821264e-09
3.57914824705e-11	1.81483528205e-09
3.62076580267e-11	4.15772305473e-10
3.66238335829e-11	-1.43493494864e-09
3.70400091391e-11	-3.35786798367e-09
3.74561846954e-11	-4.76625894308e-09
3.78723602516e-11	-5.15926856792e-09
3.82885358078e-11	-4.3651757764e-09
3.8704711364e-11	-2.62502930504e-09
3.91208869202e-11	-4.82036244254e-10
3.95370624765e-11	1.46272305379e-09
3.99532380327e-11	2.77876033294e-09
4.03694135889e-11	3.33402083719e-09
4.07855891451e-11	3.27423110846e-09
4.12017647014e-11	2.89617707594e-09
4.16179402576e-11	2.48987097606e-09
4.20341158138e-11	2.22970997221e-09
4.245029137e-11	2.13443263064e-09
4.28664669262e-11	2.09841055643e-09
4.32826424825e-11	1.9428962883e-09
4.36988180387e-11	1.48784540244e-09
4.41149935949e-11	5.96408256115e-10
4.45311691511e-11	-7.71394170762e-10
4.49473447073e-11	-2.53222443014e-09
4.53635202636e-11	-4.4591699222e-09
4.57796958198e-11	-6.21140650026e-09
4.6195871376e-11	-7.39258032567e-09
4.66120469322e-11	-7.64510410534e-09
4.70282224885e-11	-6.7592278441e-09
4.74443980447e-11	-4.75450745441e-09
4.78605736009e-11	-1.91381599457e-09
4.82767491571e-11	1.25641741455e-09
4.86929247133e-11	4.13206890926e-09
4.91091002696e-11	6.13058936949e-09
4.95252758258e-11	6.86524659343e-09
4.9941451382e-11	6.25259399811e-09
5.03576269382e-11	4.53206494555e-09
5.07738024944e-11	2.18504192517e-09
5.11899780507e-11	-2.182584391e-10
5.16061536069e-11	-2.1872099687e-09
5.20223291631e-11	-3.43824479998e-09
5.24385047193e-11	-3.93340515714e-09
5.28546802755e-11	-3.83215992272e-09
5.32708558318e-11	-3.38064221062e-09
5.3687031388e-11	-2.79760414834e-09
5.41032069442e-11	-2.19541496094e-09
5.45193825004e-11	-1.57224067099e-09
5.49355580567e-11	-8.61812343711e-10
5.53517336129e-11	-1.04323910621e-11
5.57679091691e-11	9.54693657462e-10
5.61840847253e-11	1.91163396224e-09
5.66002602815e-11	2.67197353132e-09
5.70164358378e-11	3.05463920824e-09
5.7432611394e-11	2.95739699396e-09
5.78487869502e-11	2.40806108387e-09
5.82649625064e-11	1.55097090726e-09
5.86811380626e-11	6.0747329389e-10
5.90973136189e-11	-2.10821499147e-10
5.95134891751e-11	-7.65106755729e-10
5.99296647313e-11	-1.02817854231e-09
6.03458402875e-11	-1.07380815351e-09
6.07620158438e-11	-1.02971864369e-09
6.11781914e-11	-1.00921426771e-09
6.15943669562e-11	-1.06037556513e-09
6.20105425124e-11	-1.14473641677e-09
6.24267180686e-11	-1.16199272426e-09
6.28428936249e-11	-9.99517801858e-10
6.32590691811e-11	-5.89252646677e-10
6.36752447373e-11	5.66128879886e-11
6.40914202935e-11	8.4281642776e-10
6.45075958497e-11	1.6153131055e-09
6.4923771406e-11	2.20723306299e-09
6.53399469622e-11	2.47700637779e-09
6.57561225184e-11	2.34590569193e-09
6.61722980746e-11	1.81830372981e-09
6.65884736309e-11	9.8263885917e-10
6.70046491871e-11	-1.30521093065e-12
6.74208247433e-11	-9.33475186038e-10
6.78370002995e-11	-1.6253438595e-09
6.82531758557e-11	-1.94928206909e-09
6.8669351412e-11	-1.87223880843e-09
6.90855269682e-11	-1.46734691064e-09
6.95017025244e-11	-8.79938621967e-10
6.99178780806e-11	-2.77336986709e-10
7.03340536368e-11	2.0630883113e-10
7.07502291931e-11	5.06667929834e-10
7.11664047493e-11	6.34680918932e-10
7.15825803055e-11	6.53960052777e-10
7.19987558617e-11	6.40211106351e-10
7.24149314179e-11	6.47004838594e-10
7.28311069742e-11	6.79957257166e-10
7.32472825304e-11	7.00634605888e-10
7.36634580866e-11	6.45717479486e-10
7.40796336428e-11	4.61650079275e-10
7.44958091991e-11	1.35492200792e-10
7.49119847553e-11	-2.88560370043e-10
7.53281603115e-11	-7.18470283267e-10
7.57443358677e-11	-1.04699782177e-09
7.61605114239e-11	-1.19058696235e-09
7.65766869802e-11	-1.12207587666e-09
7.69928625364e-11	-8.77626860074e-10
7.74090380926e-11	-5.35558375425e-10
7.78252136488e-11	-1.85814572062e-10
7.8241389205e-11	1.05607300682e-10
7.86575647613e-11	3.09864467418e-10
7.90737403175e-11	4.31896657327e-10
7.94899158737e-11	4.96814533957e-10
7.99060914299e-11	5.29222832224e-10
8.03222669862e-11	5.47385414773e-10
8.07384425424e-11	5.54234047545e-10
8.11546180986e-11	5.42711764417e-10
8.15707936548e-11	4.95813834434e-10
8.1986969211e-11	3.92111648706e-10
8.24031447673e-11	2.13701584206e-10
8.28193203235e-11	-4.22385459942e-11
8.32354958797e-11	-3.52703671824e-10
8.36516714359e-11	-6.64942489959e-10
8.40678469921e-11	-9.06402564116e-10
8.44840225484e-11	-1.0041162346e-09
8.49001981046e-11	-9.11979103346e-10
8.53163736608e-11	-6.29659824281e-10
8.5732549217e-11	-2.09570416576e-10
8.61487247733e-11	2.54393311971e-10
8.65649003295e-11	6.52781384503e-10
8.69810758857e-11	8.92229956584e-10
8.73972514419e-11	9.22230292133e-10
8.78134269981e-11	7.51803841403e-10
8.82296025544e-11	4.47555797978e-10
8.86457781106e-11	1.09040297624e-10
8.90619536668e-11	-1.61191490711e-10
8.9478129223e-11	-2.9599508955e-10
8.98943047792e-11	-2.82374790217e-10
9.03104803355e-11	-1.65080255021e-10
9.07266558917e-11	-2.28721035167e-11
9.11428314479e-11	6.4775747266e-11
9.15590070041e-11	5.10790854058e-11
9.19751825603e-11	-6.16304646206e-11
9.23913581166e-11	-2.26067289888e-10
9.28075336728e-11	-3.72701147722e-10
9.3223709229e-11	-4.37101105311e-10
9.36398847852e-11	-3.83662907e-10
9.40560603415e-11	-2.15815088023e-10
9.44722358977e-11	2.80073429726e-11
9.48884114539e-11	2.84454931831e-10
9.53045870101e-11	4.87348772449e-10
9.57207625663e-11	5.82833281637e-10
9.61369381226e-11	5.48322109939e-10
9.65531136788e-11	3.97965660426e-10
9.6969289235e-11	1.80980216924e-10
9.73854647912e-11	-3.57479983115e-11
9.78016403474e-11	-1.9092276371e-10
9.82178159037e-11	-2.5056634545e-10
9.86339914599e-11	-2.21917567655e-10
9.90501670161e-11	-1.45978645838e-10
9.94663425723e-11	-7.78217074116e-11
9.98825181286e-11	-6.20884732516e-11
1.00298693685e-10	-1.12069388492e-10
1.00714869241e-10	-2.04062836073e-10
1.01131044797e-10	-2.87567247792e-10
1.01547220353e-10	-3.06322966992e-10
1.0196339591e-10	-2.23313686987e-10
1.02379571466e-10	-3.56139492896e-11
1.02795747022e-10	2.15836640227e-10
1.03211922578e-10	4.59155852228e-10
1.03628098135e-10	6.12082273754e-10
1.04044273691e-10	6.12094985808e-10
1.04460449247e-10	4.43038467024e-10
1.04876624803e-10	1.44997749918e-10
1.05292800359e-10	-1.94737836967e-10
1.05708975916e-10	-4.71688132997e-10
1.06125151472e-10	-6.0261523549e-10
1.06541327028e-10	-5.52564993761e-10
1.06957502584e-10	-3.49399509325e-10
1.07373678141e-10	-6.76586425774e-11
1.07789853697e-10	1.98842067811e-10
1.08206029253e-10	3.69456021332e-10
1.08622204809e-10	4.00637079068e-10
1.09038380365e-10	2.97127211724e-10
1.09454555922e-10	1.05199848832e-10
1.09870731478e-10	-1.04001175727e-10
1.10286907034e-10	-2.5566912476e-10
1.1070308259e-10	-2.96744379069e-10
1.11119258147e-10	-2.12372758268e-10
1.11535433703e-10	-3.30635067936e-11
1.11951609259e-10	1.75624695342e-10
1.12367784815e-10	3.35176414401e-10
1.12783960371e-10	3.85278281501e-10
1.13200135928e-10	3.06108610681e-10
1.13616311484e-10	1.25438145981e-10
1.1403248704e-10	-9.33300450812e-11
1.14448662596e-10	-2.75381245585e-10
1.14864838153e-10	-3.63629043543e-10
1.15281013709e-10	-3.3581887271e-10
1.15697189265e-10	-2.10879563811e-10
1.16113364821e-10	-3.85949189274e-11
1.16529540377e-10	1.18988846554e-10
1.16945715934e-10	2.08751446684e-10
1.1736189149e-10	2.05094982664e-10
1.17778067046e-10	1.1923070864e-10
1.18194242602e-10	-4.26660096142e-12
1.18610418159e-10	-1.05011971341e-10
1.19026593715e-10	-1.3051421055e-10
1.19442769271e-10	-6.15345135957e-11
1.19858944827e-10	7.82223591456e-11
1.20275120383e-10	2.29923871609e-10
1.2069129594e-10	3.23469973029e-10
1.21107471496e-10	3.08519515491e-10
1.21523647052e-10	1.75812919778e-10
1.21939822608e-10	-3.77513090233e-11
1.22355998164e-10	-2.62661475903e-10
1.22772173721e-10	-4.2316292137e-10
1.23188349277e-10	-4.63613647472e-10
1.23604524833e-10	-3.65254826384e-10
1.24020700389e-10	-1.53429380312e-10
1.24436875946e-10	1.10306451473e-10
1.24853051502e-10	3.45781125954e-10
1.25269227058e-10	4.78742767651e-10
1.25685402614e-10	4.65684213413e-10
1.2610157817e-10	3.09868103399e-10
1.26517753727e-10	6.34673286148e-11
1.26933929283e-10	-1.89855839383e-10
1.27350104839e-10	-3.63881424992e-10
1.27766280395e-10	-4.02117450449e-10
1.28182455952e-10	-2.98095076401e-10
1.28598631508e-10	-9.57251222733e-11
1.29014807064e-10	1.28700966551e-10
1.2943098262e-10	2.96167312897e-10
1.29847158176e-10	3.51737028392e-10
1.30263333733e-10	2.82949885744e-10
1.30679509289e-10	1.19145998623e-10
1.31095684845e-10	-7.96907123624e-11
1.31511860401e-10	-2.43206260686e-10
1.31928035958e-10	-3.15193121603e-10
1.32344211514e-10	-2.72141309487e-10
1.3276038707e-10	-1.30943547672e-10
1.33176562626e-10	5.50706390212e-11
1.33592738182e-10	2.16339668402e-10
1.34008913739e-10	2.93499030635e-10
1.34425089295e-10	2.61541510671e-10
1.34841264851e-10	1.38285105589e-10
1.35257440407e-10	-2.27893467986e-11
1.35673615964e-10	-1.55670948354e-10
1.3608979152e-10	-2.09780887106e-10
1.36505967076e-10	-1.68987879245e-10
1.36922142632e-10	-5.48218345719e-11
1.37338318188e-10	8.32563532005e-11
1.37754493745e-10	1.88923890421e-10
1.38170669301e-10	2.19020218628e-10
1.38586844857e-10	1.58362989389e-10
1.39003020413e-10	2.49195386548e-11
1.3941919597e-10	-1.35170846738e-10
1.39835371526e-10	-2.62860816447e-10
1.40251547082e-10	-3.04928055028e-10
1.40667722638e-10	-2.35756886235e-10
1.41083898194e-10	-6.84469356194e-11
1.41500073751e-10	1.44023348803e-10
1.41916249307e-10	3.27927907051e-10
1.42332424863e-10	4.14768691614e-10
1.42748600419e-10	3.68887476121e-10
1.43164775976e-10	2.02134975424e-10
1.43580951532e-10	-3.03991762318e-11
1.43997127088e-10	-2.50981818661e-10
1.44413302644e-10	-3.8660352697e-10
1.448294782e-10	-3.94725752084e-10
1.45245653757e-10	-2.75104300451e-10
1.45661829313e-10	-6.92419593884e-11
1.46078004869e-10	1.55211427044e-10
1.46494180425e-10	3.23975263283e-10
1.46910355982e-10	3.82715581448e-10
1.47326531538e-10	3.12908171596e-10
1.47742707094e-10	1.40593953146e-10
1.4815888265e-10	-7.16388406929e-11
1.48575058206e-10	-2.46585557528e-10
