% time-domain current integration by openEMS v0.0.36-88-g332ca7d @Tue Aug  5 15:10:01 2025
% start-coordinates: (-0.00035577,-0.000120555,9.2303e-06) m -> [43,456,13]
% stop-coordinates: (-0.00035477,-0.00010795,9.2303e-06) m -> [45,480,13]
% t/s	current
3.84635449373e-16	0
4.16560191671e-13	0
8.32735747892e-13	0
1.24891130411e-12	1.58931620983e-14
1.66508686033e-12	7.05489066146e-14
2.08126241656e-12	-2.31520911383e-13
2.49743797278e-12	-3.00697672057e-13
2.913613529e-12	-2.7765477092e-13
3.32978908522e-12	4.05224492199e-14
3.74596464144e-12	-2.72846442705e-13
4.16214019766e-12	-4.90837297022e-13
4.57831575388e-12	-5.52269818418e-13
4.9944913101e-12	-1.71992628473e-12
5.41066686633e-12	-1.60061308825e-12
5.82684242255e-12	-2.61516134269e-12
6.24301797877e-12	-1.72574552305e-12
6.65919353499e-12	4.47884107189e-13
7.07536909121e-12	4.73575042029e-12
7.49154464743e-12	1.03467937343e-11
7.90772020365e-12	1.86815285463e-11
8.32389575987e-12	2.72281849845e-11
8.7400713161e-12	3.6033776657e-11
9.15624687232e-12	4.39464402369e-11
9.57242242854e-12	4.96366038549e-11
9.98859798476e-12	5.13356787635e-11
1.0404773541e-11	4.40482650355e-11
1.08209490972e-11	2.08009200142e-11
1.12371246534e-11	-2.20078504032e-11
1.16533002096e-11	-8.56430967811e-11
1.20694757659e-11	-1.60333815669e-10
1.24856513221e-11	-2.24764762358e-10
1.29018268783e-11	-2.5756052846e-10
1.33180024345e-11	-2.39454484019e-10
1.37341779908e-11	-1.63539987108e-10
1.4150353547e-11	-3.21769555445e-11
1.45665291032e-11	1.43804690378e-10
1.49827046594e-11	3.64304753031e-10
1.53988802156e-11	6.18834539168e-10
1.58150557719e-11	8.68242366892e-10
1.62312313281e-11	1.03153052766e-09
1.66474068843e-11	9.94327953308e-10
1.70635824405e-11	6.77709721675e-10
1.74797579967e-11	1.43531769803e-10
1.7895933553e-11	-3.32032318306e-10
1.83121091092e-11	-3.00745844894e-10
1.87282846654e-11	6.59531262936e-10
1.91444602216e-11	2.62688848451e-09
1.95606357778e-11	5.07753039614e-09
1.99768113341e-11	6.88034873519e-09
2.03929868903e-11	6.65496235897e-09
2.08091624465e-11	3.4188589737e-09
2.12253380027e-11	-2.78371348195e-09
2.1641513559e-11	-1.06092583607e-08
2.20576891152e-11	-1.772160374e-08
2.24738646714e-11	-2.16066773362e-08
2.28900402276e-11	-2.05494892214e-08
2.33062157838e-11	-1.43340148639e-08
2.37223913401e-11	-4.38325553631e-09
2.41385668963e-11	6.69615607407e-09
2.45547424525e-11	1.59034172498e-08
2.49709180087e-11	2.06729939833e-08
2.53870935649e-11	1.94992857416e-08
2.58032691212e-11	1.22772139122e-08
2.62194446774e-11	3.53029300237e-10
2.66356202336e-11	-1.37203306494e-08
2.70517957898e-11	-2.67250044317e-08
2.74679713461e-11	-3.55741178737e-08
2.78841469023e-11	-3.81750488998e-08
2.83003224585e-11	-3.40679449096e-08
2.87164980147e-11	-2.45649687258e-08
2.91326735709e-11	-1.22948762282e-08
2.95488491272e-11	-3.1983646287e-10
2.99650246834e-11	8.80872974562e-09
3.03812002396e-11	1.37016167301e-08
3.07973757958e-11	1.42855069996e-08
3.1213551352e-11	1.15070699636e-08
3.16297269083e-11	6.8240950668e-09
3.20459024645e-11	1.70406022626e-09
3.24620780207e-11	-2.69426148058e-09
3.28782535769e-11	-5.64210722587e-09
3.32944291332e-11	-6.83258472023e-09
3.37106046894e-11	-6.31555918673e-09
3.41267802456e-11	-4.41564562692e-09
3.45429558018e-11	-1.65214075754e-09
3.4959131358e-11	1.36099898018e-09
3.53753069143e-11	4.02341759909e-09
3.57914824705e-11	5.85509818407e-09
3.62076580267e-11	6.58636523099e-09
3.66238335829e-11	6.19718676376e-09
3.70400091391e-11	4.90616391957e-09
3.74561846954e-11	3.10990122543e-09
3.78723602516e-11	1.27820420914e-09
3.82885358078e-11	-1.67271294038e-10
3.8704711364e-11	-9.47887990321e-10
3.91208869202e-11	-9.76086989013e-10
3.95370624765e-11	-3.45888817588e-10
3.99532380327e-11	7.29877769334e-10
4.03694135889e-11	1.989957088e-09
4.07855891451e-11	3.17609982758e-09
4.12017647014e-11	4.05688549421e-09
4.16179402576e-11	4.43606529288e-09
4.20341158138e-11	4.16079748433e-09
4.245029137e-11	3.15955572816e-09
4.28664669262e-11	1.49118239978e-09
4.32826424825e-11	-6.20235918181e-10
4.36988180387e-11	-2.79239698031e-09
4.41149935949e-11	-4.56151560968e-09
4.45311691511e-11	-5.50210144112e-09
4.49473447073e-11	-5.35957278558e-09
4.53635202636e-11	-4.14344070165e-09
4.57796958198e-11	-2.13578732478e-09
4.6195871376e-11	1.80905956881e-10
4.66120469322e-11	2.26361906996e-09
4.70282224885e-11	3.66169006227e-09
4.74443980447e-11	4.13438128177e-09
4.78605736009e-11	3.69335984018e-09
4.82767491571e-11	2.57291943306e-09
4.86929247133e-11	1.13672771196e-09
4.91091002696e-11	-2.32012103973e-10
4.95252758258e-11	-1.22930743363e-09
4.9941451382e-11	-1.69380787174e-09
5.03576269382e-11	-1.62822999528e-09
5.07738024944e-11	-1.17817677836e-09
5.11899780507e-11	-5.7980814594e-10
5.16061536069e-11	-8.47958092631e-11
5.20223291631e-11	1.16995135802e-10
5.24385047193e-11	-4.32166732955e-11
5.28546802755e-11	-4.90883556026e-10
5.32708558318e-11	-1.03978647914e-09
5.3687031388e-11	-1.46317080674e-09
5.41032069442e-11	-1.57935720058e-09
5.45193825004e-11	-1.32165811628e-09
5.49355580567e-11	-7.59744434031e-10
5.53517336129e-11	-6.68186617148e-11
5.57679091691e-11	5.51914292046e-10
5.61840847253e-11	9.33333854647e-10
5.66002602815e-11	1.01133668107e-09
5.70164358378e-11	8.25802093374e-10
5.7432611394e-11	4.88692364353e-10
5.78487869502e-11	1.32542268827e-10
5.82649625064e-11	-1.41646458451e-10
5.86811380626e-11	-2.95049623622e-10
5.90973136189e-11	-3.47830320102e-10
5.95134891751e-11	-3.54939688751e-10
5.99296647313e-11	-3.71467773208e-10
6.03458402875e-11	-4.23147072937e-10
6.07620158438e-11	-4.97989205428e-10
6.11781914e-11	-5.54101542427e-10
6.15943669562e-11	-5.4237003777e-10
6.20105425124e-11	-4.27340968168e-10
6.24267180686e-11	-2.02384900505e-10
6.28428936249e-11	1.07577897979e-10
6.32590691811e-11	4.52998361045e-10
6.36752447373e-11	7.68991925693e-10
6.40914202935e-11	9.89137327601e-10
6.45075958497e-11	1.05566877462e-09
6.4923771406e-11	9.35361899046e-10
6.53399469622e-11	6.34181540615e-10
6.57561225184e-11	2.06247796619e-10
6.61722980746e-11	-2.50888060327e-10
6.65884736309e-11	-6.18982809453e-10
6.70046491871e-11	-7.98902666244e-10
6.74208247433e-11	-7.48274275875e-10
6.78370002995e-11	-5.04088881748e-10
6.82531758557e-11	-1.70985059444e-10
6.8669351412e-11	1.18448834074e-10
6.90855269682e-11	2.583689096e-10
6.95017025244e-11	2.09101583271e-10
6.99178780806e-11	1.28669071925e-11
7.03340536368e-11	-2.31881791546e-10
7.07502291931e-11	-4.13161699298e-10
7.11664047493e-11	-4.5174949892e-10
7.15825803055e-11	-3.27803895139e-10
7.19987558617e-11	-8.3020548769e-11
7.24149314179e-11	2.0169273196e-10
7.28311069742e-11	4.36638919465e-10
7.32472825304e-11	5.531874403e-10
7.36634580866e-11	5.22953569337e-10
7.40796336428e-11	3.62116225894e-10
7.44958091991e-11	1.21386692364e-10
7.49119847553e-11	-1.28053137538e-10
7.53281603115e-11	-3.19755499856e-10
7.57443358677e-11	-4.05453698393e-10
7.61605114239e-11	-3.68806651885e-10
7.65766869802e-11	-2.24772866986e-10
7.69928625364e-11	-1.44947231301e-11
7.74090380926e-11	2.05597067149e-10
7.78252136488e-11	3.75608072423e-10
7.8241389205e-11	4.46610914917e-10
7.86575647613e-11	3.94454024999e-10
7.90737403175e-11	2.31058214228e-10
7.94899158737e-11	6.44711107417e-12
7.99060914299e-11	-2.04683964222e-10
8.03222669862e-11	-3.28550464612e-10
8.07384425424e-11	-3.25218296737e-10
8.11546180986e-11	-2.05877467852e-10
8.15707936548e-11	-3.20580714752e-11
8.1986969211e-11	1.12661255325e-10
8.24031447673e-11	1.6126595892e-10
8.28193203235e-11	9.42787653502e-11
8.32354958797e-11	-5.28184267157e-11
8.36516714359e-11	-2.10247499965e-10
8.40678469921e-11	-3.06805303385e-10
8.44840225484e-11	-3.01802860481e-10
8.49001981046e-11	-1.9811606522e-10
8.53163736608e-11	-3.68231591052e-11
8.5732549217e-11	1.24895621623e-10
8.61487247733e-11	2.35516828262e-10
8.65649003295e-11	2.68514932511e-10
8.69810758857e-11	2.26155760785e-10
8.73972514419e-11	1.36910871529e-10
8.78134269981e-11	4.27725389829e-11
8.82296025544e-11	-1.56904090415e-11
8.86457781106e-11	-1.69878729139e-11
8.90619536668e-11	3.52852365382e-11
8.9478129223e-11	1.12078346604e-10
8.98943047792e-11	1.71373401581e-10
9.03104803355e-11	1.7712020739e-10
9.07266558917e-11	1.14002120244e-10
9.11428314479e-11	-8.26298925116e-12
9.15590070041e-11	-1.55698329229e-10
9.19751825603e-11	-2.85681867052e-10
9.23913581166e-11	-3.58240825893e-10
9.28075336728e-11	-3.4607744448e-10
9.3223709229e-11	-2.4274451893e-10
9.36398847852e-11	-6.639386263e-11
9.40560603415e-11	1.40356684608e-10
9.44722358977e-11	3.17940895833e-10
9.48884114539e-11	4.05694672301e-10
9.53045870101e-11	3.66405433772e-10
9.57207625663e-11	2.02828878693e-10
9.61369381226e-11	-3.4598855031e-11
9.65531136788e-11	-2.64857413779e-10
9.6969289235e-11	-4.06621541993e-10
9.73854647912e-11	-4.11631395636e-10
9.78016403474e-11	-2.8250080053e-10
9.82178159037e-11	-7.14647507838e-11
9.86339914599e-11	1.45261885853e-10
9.90501670161e-11	2.9690597203e-10
9.94663425723e-11	3.42504025141e-10
9.98825181286e-11	2.81405648783e-10
1.00298693685e-10	1.47293441333e-10
1.00714869241e-10	-8.43059563133e-12
1.01131044797e-10	-1.33582450657e-10
1.01547220353e-10	-1.92079643857e-10
1.0196339591e-10	-1.72815664556e-10
1.02379571466e-10	-9.22490139832e-11
1.02795747022e-10	1.29527369733e-11
1.03211922578e-10	9.99252000589e-11
1.03628098135e-10	1.36641017945e-10
1.04044273691e-10	1.13498779819e-10
1.04460449247e-10	4.70086782001e-11
1.04876624803e-10	-3.07283504197e-11
1.05292800359e-10	-8.67803884308e-11
1.05708975916e-10	-1.01310689005e-10
1.06125151472e-10	-7.38312813664e-11
1.06541327028e-10	-2.00838339015e-11
1.06957502584e-10	3.51443735225e-11
1.07373678141e-10	6.89110712937e-11
1.07789853697e-10	6.51289161491e-11
1.08206029253e-10	2.05048426155e-11
1.08622204809e-10	-5.32568156242e-11
1.09038380365e-10	-1.30314439795e-10
1.09454555922e-10	-1.76081038639e-10
1.09870731478e-10	-1.59246435483e-10
1.10286907034e-10	-6.85252965482e-11
1.1070308259e-10	7.76203545882e-11
1.11119258147e-10	2.32370747644e-10
1.11535433703e-10	3.35502736704e-10
1.11951609259e-10	3.40029060464e-10
1.12367784815e-10	2.33440877739e-10
1.12783960371e-10	4.57046900326e-11
1.13200135928e-10	-1.62127228309e-10
1.13616311484e-10	-3.20966253575e-10
1.1403248704e-10	-3.79521442051e-10
1.14448662596e-10	-3.21352944255e-10
1.14864838153e-10	-1.67743777202e-10
1.15281013709e-10	3.14768489051e-11
1.15697189265e-10	2.15325118846e-10
1.16113364821e-10	3.29091892626e-10
1.16529540377e-10	3.40850875302e-10
1.16945715934e-10	2.50008597158e-10
1.1736189149e-10	8.8557085276e-11
1.17778067046e-10	-8.89910783952e-11
1.18194242602e-10	-2.24282481476e-10
1.18610418159e-10	-2.75530598337e-10
1.19026593715e-10	-2.33111169257e-10
1.19442769271e-10	-1.20594562114e-10
1.19858944827e-10	1.61802099496e-11
1.20275120383e-10	1.2844464381e-10
1.2069129594e-10	1.82840950713e-10
1.21107471496e-10	1.70310682224e-10
1.21523647052e-10	1.04934422263e-10
1.21939822608e-10	1.54860690244e-11
1.22355998164e-10	-6.51618134451e-11
1.22772173721e-10	-1.09803055537e-10
1.23188349277e-10	-1.04440955884e-10
1.23604524833e-10	-5.27416652019e-11
1.24020700389e-10	2.3529796167e-11
1.24436875946e-10	9.07854763588e-11
1.24853051502e-10	1.16470513789e-10
1.25269227058e-10	8.43805927908e-11
1.25685402614e-10	5.14750438455e-12
1.2610157817e-10	-8.66324720294e-11
1.26517753727e-10	-1.46404999235e-10
1.26933929283e-10	-1.41358438843e-10
1.27350104839e-10	-6.70615160625e-11
1.27766280395e-10	5.0303306659e-11
1.28182455952e-10	1.64842084427e-10
1.28598631508e-10	2.30184774019e-10
1.29014807064e-10	2.18632986715e-10
1.2943098262e-10	1.30162797207e-10
1.29847158176e-10	-9.18280729234e-12
1.30263333733e-10	-1.55325030615e-10
1.30679509289e-10	-2.61289712089e-10
1.31095684845e-10	-2.90097112998e-10
1.31511860401e-10	-2.27068253089e-10
1.31928035958e-10	-8.65954322138e-11
1.32344211514e-10	8.9148910476e-11
1.3276038707e-10	2.43696590685e-10
1.33176562626e-10	3.2423863594e-10
1.33592738182e-10	3.02792402262e-10
1.34008913739e-10	1.87242873984e-10
1.34425089295e-10	1.78348551205e-11
1.34841264851e-10	-1.48033363345e-10
1.35257440407e-10	-2.57617316368e-10
1.35673615964e-10	-2.80604289804e-10
1.3608979152e-10	-2.16038006928e-10
1.36505967076e-10	-8.97920002241e-11
1.36922142632e-10	5.62577935626e-11
1.37338318188e-10	1.77160952575e-10
1.37754493745e-10	2.37180802776e-10
1.38170669301e-10	2.19562479309e-10
1.38586844857e-10	1.32901412098e-10
1.39003020413e-10	9.50893270374e-12
1.3941919597e-10	-1.05038484854e-10
1.39835371526e-10	-1.68008704171e-10
1.40251547082e-10	-1.58167243192e-10
1.40667722638e-10	-8.42096115061e-11
1.41083898194e-10	1.85431427158e-11
1.41500073751e-10	1.0421432467e-10
1.41916249307e-10	1.37668668132e-10
1.42332424863e-10	1.0838871467e-10
1.42748600419e-10	3.31046440261e-11
1.43164775976e-10	-5.31190542941e-11
1.43580951532e-10	-1.13319423289e-10
1.43997127088e-10	-1.22867382935e-10
1.44413302644e-10	-7.72923391956e-11
1.448294782e-10	7.75084857407e-12
1.45245653757e-10	1.01335884128e-10
1.45661829313e-10	1.67843322574e-10
1.46078004869e-10	1.78544595775e-10
1.46494180425e-10	1.22598084462e-10
1.46910355982e-10	1.39420896703e-11
1.47326531538e-10	-1.10967839084e-10
1.47742707094e-10	-2.05352068683e-10
1.4815888265e-10	-2.30175017935e-10
1.48575058206e-10	-1.71151634532e-10
