% time-domain current integration by openEMS v0.0.36-88-g332ca7d @Tue Aug  5 15:10:01 2025
% start-coordinates: (-0.00035577,-0.000216211,9.2303e-06) m -> [43,304,13]
% stop-coordinates: (-0.00035477,-0.000203267,9.2303e-06) m -> [45,326,13]
% t/s	current
3.84635449373e-16	0
4.16560191671e-13	0
8.32735747892e-13	0
1.24891130411e-12	0
1.66508686033e-12	2.12097880085e-14
2.08126241656e-12	8.94256516371e-16
2.49743797278e-12	-5.38616426579e-14
2.913613529e-12	6.25895209684e-14
3.32978908522e-12	1.01109374237e-13
3.74596464144e-12	-2.76954349211e-13
4.16214019766e-12	1.78535463323e-13
4.57831575388e-12	-1.63257902748e-13
4.9944913101e-12	1.57764223235e-13
5.41066686633e-12	-2.66584090957e-13
5.82684242255e-12	7.10558998793e-13
6.24301797877e-12	5.21857513799e-13
6.65919353499e-12	1.13001209952e-12
7.07536909121e-12	2.06328281283e-13
7.49154464743e-12	-8.87590348442e-13
7.90772020365e-12	-1.79518086594e-12
8.32389575987e-12	-2.40034945045e-12
8.7400713161e-12	-3.83846166657e-13
9.15624687232e-12	3.07198277233e-12
9.57242242854e-12	8.46394395543e-12
9.98859798476e-12	1.40600898979e-11
1.0404773541e-11	1.40696282749e-11
1.08209490972e-11	8.53387065874e-12
1.12371246534e-11	-4.20657259026e-12
1.16533002096e-11	-1.68425221686e-11
1.20694757659e-11	-1.99495038544e-11
1.24856513221e-11	-2.71569572385e-12
1.29018268783e-11	3.75574189804e-11
1.33180024345e-11	8.97208973782e-11
1.37341779908e-11	1.33462560448e-10
1.4150353547e-11	1.36256880778e-10
1.45665291032e-11	7.63017080074e-11
1.49827046594e-11	-5.07284596274e-11
1.53988802156e-11	-2.19132129109e-10
1.58150557719e-11	-3.78224646047e-10
1.62312313281e-11	-4.71601591112e-10
1.66474068843e-11	-4.39538155872e-10
1.70635824405e-11	-2.52442899917e-10
1.74797579967e-11	9.50891032581e-11
1.7895933553e-11	5.71255487358e-10
1.83121091092e-11	1.09585240882e-09
1.87282846654e-11	1.53877066644e-09
1.91444602216e-11	1.74934244868e-09
1.95606357778e-11	1.63454594304e-09
1.99768113341e-11	1.27640531478e-09
2.03929868903e-11	1.04043229587e-09
2.08091624465e-11	1.54141144293e-09
2.12253380027e-11	3.40576700175e-09
2.1641513559e-11	6.83305945159e-09
2.20576891152e-11	1.11364197863e-08
2.24738646714e-11	1.45762628634e-08
2.28900402276e-11	1.47391778782e-08
2.33062157838e-11	9.47368139492e-09
2.37223913401e-11	-1.93349403155e-09
2.41385668963e-11	-1.79317520832e-08
2.45547424525e-11	-3.476538879e-08
2.49709180087e-11	-4.75645904885e-08
2.53870935649e-11	-5.21136911402e-08
2.58032691212e-11	-4.65080916001e-08
2.62194446774e-11	-3.19663513437e-08
2.66356202336e-11	-1.24185026706e-08
2.70517957898e-11	6.90902313139e-09
2.74679713461e-11	2.12602131455e-08
2.78841469023e-11	2.77573661833e-08
2.83003224585e-11	2.59952912529e-08
2.87164980147e-11	1.77562764492e-08
2.91326735709e-11	6.15206197097e-09
2.95488491272e-11	-5.43609646186e-09
2.99650246834e-11	-1.42722518248e-08
3.03812002396e-11	-1.88360171904e-08
3.07973757958e-11	-1.89811419915e-08
3.1213551352e-11	-1.57035984216e-08
3.16297269083e-11	-1.06498676544e-08
3.20459024645e-11	-5.5236974994e-09
3.24620780207e-11	-1.57890212016e-09
3.28782535769e-11	6.476893466e-10
3.32944291332e-11	1.3276129085e-09
3.37106046894e-11	1.10679043708e-09
3.41267802456e-11	7.77415798403e-10
3.45429558018e-11	9.83955250611e-10
3.4959131358e-11	2.05009498266e-09
3.53753069143e-11	3.93571841784e-09
3.57914824705e-11	6.3101319725e-09
3.62076580267e-11	8.68941540944e-09
3.66238335829e-11	1.06027346902e-08
3.70400091391e-11	1.1723810367e-08
3.74561846954e-11	1.19457448378e-08
3.78723602516e-11	1.13435314475e-08
3.82885358078e-11	1.00608330555e-08
3.8704711364e-11	8.17196710301e-09
3.91208869202e-11	5.60248691883e-09
3.95370624765e-11	2.19626894449e-09
3.99532380327e-11	-2.09817674346e-09
4.03694135889e-11	-7.01120406177e-09
4.07855891451e-11	-1.18365797164e-08
4.12017647014e-11	-1.55335939667e-08
4.16179402576e-11	-1.70380314302e-08
4.20341158138e-11	-1.5668788933e-08
4.245029137e-11	-1.1451119164e-08
4.28664669262e-11	-5.20038812013e-09
4.32826424825e-11	1.69589742249e-09
4.36988180387e-11	7.71030972402e-09
4.41149935949e-11	1.16672422834e-08
4.45311691511e-11	1.30849295843e-08
4.49473447073e-11	1.22428760463e-08
4.53635202636e-11	9.97072646669e-09
4.57796958198e-11	7.24945437014e-09
4.6195871376e-11	4.82168216465e-09
4.66120469322e-11	2.9739406493e-09
4.70282224885e-11	1.54911850014e-09
4.74443980447e-11	1.77776432464e-10
4.78605736009e-11	-1.43577771894e-09
4.82767491571e-11	-3.31125060704e-09
4.86929247133e-11	-5.16354425883e-09
4.91091002696e-11	-6.55284093654e-09
4.95252758258e-11	-7.11092518202e-09
4.9941451382e-11	-6.71447031309e-09
5.03576269382e-11	-5.54041834633e-09
5.07738024944e-11	-3.96063315478e-09
5.11899780507e-11	-2.37805730663e-09
5.16061536069e-11	-1.06215269913e-09
5.20223291631e-11	-8.00838839687e-11
5.24385047193e-11	6.67301269797e-10
5.28546802755e-11	1.32907973516e-09
5.32708558318e-11	1.98813276953e-09
5.3687031388e-11	2.59421883975e-09
5.41032069442e-11	2.98237745611e-09
5.45193825004e-11	2.96425106683e-09
5.49355580567e-11	2.43474840289e-09
5.53517336129e-11	1.44700884608e-09
5.57679091691e-11	2.08454586925e-10
5.61840847253e-11	-9.9325037084e-10
5.66002602815e-11	-1.89385307436e-09
5.70164358378e-11	-2.34233366037e-09
5.7432611394e-11	-2.32092145502e-09
5.78487869502e-11	-1.91628335422e-09
5.82649625064e-11	-1.25548893504e-09
5.86811380626e-11	-4.55614157513e-10
5.90973136189e-11	3.96582766626e-10
5.95134891751e-11	1.22559307147e-09
5.99296647313e-11	1.94412463905e-09
6.03458402875e-11	2.44699882579e-09
6.07620158438e-11	2.62815857965e-09
6.11781914e-11	2.41825826031e-09
6.15943669562e-11	1.8185396522e-09
6.20105425124e-11	9.12626196836e-10
6.24267180686e-11	-1.49712381381e-10
6.28428936249e-11	-1.18854381892e-09
6.32590691811e-11	-2.03371253171e-09
6.36752447373e-11	-2.56101628793e-09
6.40914202935e-11	-2.71415445674e-09
6.45075958497e-11	-2.50777398847e-09
6.4923771406e-11	-2.01544225753e-09
6.53399469622e-11	-1.34783584294e-09
6.57561225184e-11	-6.24437113128e-10
6.61722980746e-11	5.35676780711e-11
6.65884736309e-11	6.15509587742e-10
6.70046491871e-11	1.03110864291e-09
6.74208247433e-11	1.30603550197e-09
6.78370002995e-11	1.46998735406e-09
6.82531758557e-11	1.56266322104e-09
6.8669351412e-11	1.6132830627e-09
6.90855269682e-11	1.62603874809e-09
6.95017025244e-11	1.56829571551e-09
6.99178780806e-11	1.38113631643e-09
7.03340536368e-11	1.00733210662e-09
7.07502291931e-11	4.28333618574e-10
7.11664047493e-11	-3.05298702985e-10
7.15825803055e-11	-1.06951714152e-09
7.19987558617e-11	-1.70039615721e-09
7.24149314179e-11	-2.04953543026e-09
7.28311069742e-11	-2.03773242724e-09
7.32472825304e-11	-1.68746294715e-09
7.36634580866e-11	-1.11212905551e-09
7.40796336428e-11	-4.71332195495e-10
7.44958091991e-11	8.75142458501e-11
7.49119847553e-11	4.75992911753e-10
7.53281603115e-11	6.80927647601e-10
7.57443358677e-11	7.48821060714e-10
7.61605114239e-11	7.49828366065e-10
7.65766869802e-11	7.38220096164e-10
7.69928625364e-11	7.31653126973e-10
7.74090380926e-11	7.07171932124e-10
7.78252136488e-11	6.20619444724e-10
7.8241389205e-11	4.3273507e-10
7.86575647613e-11	1.35763622566e-10
7.90737403175e-11	-2.36452302182e-10
7.94899158737e-11	-6.0945654079e-10
7.99060914299e-11	-8.92988460954e-10
8.03222669862e-11	-1.00747277187e-09
8.07384425424e-11	-9.13403852554e-10
8.11546180986e-11	-6.28321061846e-10
8.15707936548e-11	-2.22818902218e-10
8.1986969211e-11	1.99484234686e-10
8.24031447673e-11	5.34565447463e-10
8.28193203235e-11	7.10767111833e-10
8.32354958797e-11	7.0554095899e-10
8.36516714359e-11	5.51852008535e-10
8.40678469921e-11	3.20833137835e-10
8.44840225484e-11	9.82711897968e-11
8.49001981046e-11	-4.36270151949e-11
8.53163736608e-11	-6.98216623407e-11
8.5732549217e-11	5.27389286756e-12
8.61487247733e-11	1.21430837607e-10
8.65649003295e-11	1.94717145185e-10
8.69810758857e-11	1.51959708705e-10
8.73972514419e-11	-3.67401005452e-11
8.78134269981e-11	-3.37071398571e-10
8.82296025544e-11	-6.55476728451e-10
8.86457781106e-11	-8.72769412297e-10
8.90619536668e-11	-8.92533158492e-10
8.9478129223e-11	-6.78854750191e-10
8.98943047792e-11	-2.75954925577e-10
9.03104803355e-11	2.0955326363e-10
9.07266558917e-11	6.46170505991e-10
9.11428314479e-11	9.21876575077e-10
9.15590070041e-11	9.77924186074e-10
9.19751825603e-11	8.21089141123e-10
9.23913581166e-11	5.13785680667e-10
9.28075336728e-11	1.50437495794e-10
9.3223709229e-11	-1.70315581083e-10
9.36398847852e-11	-3.75346975723e-10
9.40560603415e-11	-4.34738106625e-10
9.44722358977e-11	-3.69296149216e-10
9.48884114539e-11	-2.38376984818e-10
9.53045870101e-11	-1.15134943246e-10
9.57207625663e-11	-5.64041591211e-11
9.61369381226e-11	-7.87359760723e-11
9.65531136788e-11	-1.55389118239e-10
9.6969289235e-11	-2.30636662546e-10
9.73854647912e-11	-2.47400905318e-10
9.78016403474e-11	-1.72876671312e-10
9.82178159037e-11	-1.20098384362e-11
9.86339914599e-11	1.94458948943e-10
9.90501670161e-11	3.84434428735e-10
9.94663425723e-11	4.94974394805e-10
9.98825181286e-11	4.82566930859e-10
1.00298693685e-10	3.39193145793e-10
1.00714869241e-10	9.93113369319e-11
1.01131044797e-10	-1.657732146e-10
1.01547220353e-10	-3.69380387388e-10
1.0196339591e-10	-4.41630565451e-10
1.02379571466e-10	-3.59077378942e-10
1.02795747022e-10	-1.58427479469e-10
1.03211922578e-10	7.51459172665e-11
1.03628098135e-10	2.44585601772e-10
1.04044273691e-10	2.79963441319e-10
1.04460449247e-10	1.69095459857e-10
1.04876624803e-10	-3.92259419391e-11
1.05292800359e-10	-2.57861842989e-10
1.05708975916e-10	-3.96780774903e-10
1.06125151472e-10	-3.95613097837e-10
1.06541327028e-10	-2.43613323958e-10
1.06957502584e-10	1.90194440058e-11
1.07373678141e-10	3.14293258086e-10
1.07789853697e-10	5.50025469614e-10
1.08206029253e-10	6.48007980608e-10
1.08622204809e-10	5.68751934438e-10
1.09038380365e-10	3.27841975789e-10
1.09454555922e-10	-6.19948883895e-12
1.09870731478e-10	-3.34214267372e-10
1.10286907034e-10	-5.58526558336e-10
1.1070308259e-10	-6.17094597644e-10
1.11119258147e-10	-5.05060382405e-10
1.11535433703e-10	-2.71090649928e-10
1.11951609259e-10	2.6320074592e-12
1.12367784815e-10	2.30868962836e-10
1.12783960371e-10	3.52740808784e-10
1.13200135928e-10	3.47655265687e-10
1.13616311484e-10	2.36566211065e-10
1.1403248704e-10	7.23935911218e-11
1.14448662596e-10	-7.88542009467e-11
1.14864838153e-10	-1.58971460995e-10
1.15281013709e-10	-1.39832478929e-10
1.15697189265e-10	-3.34212102437e-11
1.16113364821e-10	1.09957210004e-10
1.16529540377e-10	2.21297688507e-10
1.16945715934e-10	2.42154379881e-10
1.1736189149e-10	1.5181288171e-10
1.17778067046e-10	-2.13643928937e-11
1.18194242602e-10	-2.10129760814e-10
1.18610418159e-10	-3.37102373793e-10
1.19026593715e-10	-3.48258533123e-10
1.19442769271e-10	-2.34529035081e-10
1.19858944827e-10	-3.57682113095e-11
1.20275120383e-10	1.77229952936e-10
1.2069129594e-10	3.28920474191e-10
1.21107471496e-10	3.66513652761e-10
1.21523647052e-10	2.77148942684e-10
1.21939822608e-10	9.19337522776e-11
1.22355998164e-10	-1.25539426077e-10
1.22772173721e-10	-2.97213947897e-10
1.23188349277e-10	-3.58478829954e-10
1.23604524833e-10	-2.81329542995e-10
1.24020700389e-10	-8.77594247273e-11
1.24436875946e-10	1.55692764237e-10
1.24853051502e-10	3.60054652759e-10
1.25269227058e-10	4.46656767128e-10
1.25685402614e-10	3.77757797265e-10
1.2610157817e-10	1.72812875121e-10
1.26517753727e-10	-1.00007592485e-10
1.26933929283e-10	-3.49672596434e-10
1.27350104839e-10	-4.92644924854e-10
1.27766280395e-10	-4.83331041856e-10
1.28182455952e-10	-3.25778126697e-10
1.28598631508e-10	-7.04818495234e-11
1.29014807064e-10	2.02460867516e-10
1.2943098262e-10	4.0853856409e-10
1.29847158176e-10	4.84761064623e-10
1.30263333733e-10	4.10443623533e-10
1.30679509289e-10	2.14754991568e-10
1.31095684845e-10	-3.13500718441e-11
1.31511860401e-10	-2.403198196e-10
1.31928035958e-10	-3.40604378035e-10
1.32344211514e-10	-3.05171499182e-10
1.3276038707e-10	-1.60037122443e-10
1.33176562626e-10	2.78788294533e-11
1.33592738182e-10	1.80260140148e-10
1.34008913739e-10	2.392127052e-10
1.34425089295e-10	1.8949031233e-10
1.34841264851e-10	5.8913575407e-11
1.35257440407e-10	-9.48576009407e-11
1.35673615964e-10	-2.09015027508e-10
1.3608979152e-10	-2.37523889446e-10
1.36505967076e-10	-1.67072217172e-10
1.36922142632e-10	-2.00905177911e-11
1.37338318188e-10	1.51430465389e-10
1.37754493745e-10	2.83423590153e-10
1.38170669301e-10	3.21544069148e-10
1.38586844857e-10	2.43992992477e-10
1.39003020413e-10	7.1825691228e-11
1.3941919597e-10	-1.3465874249e-10
1.39835371526e-10	-2.98439384316e-10
1.40251547082e-10	-3.56086687914e-10
1.40667722638e-10	-2.83251366806e-10
1.41083898194e-10	-1.04715264237e-10
1.41500073751e-10	1.15708331805e-10
1.41916249307e-10	2.99494817835e-10
1.42332424863e-10	3.82129827781e-10
1.42748600419e-10	3.34691940829e-10
1.43164775976e-10	1.71843317354e-10
1.43580951532e-10	-5.37187447303e-11
1.43997127088e-10	-2.6716065471e-10
1.44413302644e-10	-3.95118771035e-10
1.448294782e-10	-3.90026455577e-10
1.45245653757e-10	-2.47600911996e-10
1.45661829313e-10	-1.23124756918e-11
1.46078004869e-10	2.35690494899e-10
1.46494180425e-10	4.08487965675e-10
1.46910355982e-10	4.44229875107e-10
1.47326531538e-10	3.30882654609e-10
1.47742707094e-10	1.11378628542e-10
1.4815888265e-10	-1.34154715115e-10
1.48575058206e-10	-3.20086401828e-10
