% time-domain voltage integration by openEMS v0.0.36-88-g332ca7d @Tue Aug  5 15:10:01 2025
% start-coordinates: (0.00035477,0.000209401,5.52e-06) m -> [1246,1017,7]
% stop-coordinates: (0.00035477,0.000209401,1.32303e-05) m -> [1246,1017,22]
% t/s	voltage
0	-0
4.16175556221e-13	-0
8.32351112443e-13	-0
1.24852666866e-12	-0
1.66470222489e-12	-0
2.08087778111e-12	-0
2.49705333733e-12	-2.33138821843e-14
2.91322889355e-12	-5.33895734087e-13
3.32940444977e-12	8.01495395525e-13
3.74558000599e-12	-4.50151691638e-12
4.16175556221e-12	6.75210836678e-12
4.57793111843e-12	2.67133916983e-13
4.99410667466e-12	-1.64497897725e-11
5.41028223088e-12	7.319561244e-12
5.8264577871e-12	-2.81475262884e-12
6.24263334332e-12	1.54186907925e-11
6.65880889954e-12	3.09618275029e-11
7.07498445576e-12	5.93069118121e-11
7.49116001198e-12	8.50810576505e-11
7.9073355682e-12	2.94351414987e-11
8.32351112443e-12	-5.37404608661e-11
8.73968668065e-12	-2.20826341588e-10
9.15586223687e-12	-4.04967004375e-10
9.57203779309e-12	-5.68615998037e-10
9.98821334931e-12	-3.57044461705e-10
1.04043889055e-11	8.24304409452e-10
1.08205644618e-11	3.98835264814e-09
1.1236740018e-11	1.0060220379e-08
1.16529155742e-11	1.95158120775e-08
1.20690911304e-11	3.22156615828e-08
1.24852666866e-11	4.54240931536e-08
1.29014422429e-11	5.1582141225e-08
1.33176177991e-11	3.68166295228e-08
1.37337933553e-11	-1.97148822823e-08
1.41499689115e-11	-1.41512585206e-07
1.45661444677e-11	-3.44358429771e-07
1.4982320024e-11	-6.20992832268e-07
1.53984955802e-11	-9.25200176027e-07
1.58146711364e-11	-1.1647317919e-06
1.62308466926e-11	-1.21460015379e-06
1.66470222489e-11	-9.55104027867e-07
1.70631978051e-11	-3.26369319126e-07
1.74793733613e-11	6.21192906891e-07
1.78955489175e-11	1.70897500595e-06
1.83117244737e-11	2.66612192945e-06
1.872790003e-11	3.21592872865e-06
1.91440755862e-11	3.18188671145e-06
1.95602511424e-11	2.56643140517e-06
1.99764266986e-11	1.56109766181e-06
2.03926022548e-11	4.77596950432e-07
2.08087778111e-11	-3.71827223233e-07
2.12249533673e-11	-7.9206403214e-07
2.16411289235e-11	-7.69252846311e-07
2.20573044797e-11	-4.56298472784e-07
2.24734800359e-11	-9.25240009053e-08
2.28896555922e-11	1.00792135971e-07
2.33058311484e-11	5.28440628755e-09
2.37220067046e-11	-3.62194754189e-07
2.41381822608e-11	-8.74052439315e-07
2.45543578171e-11	-1.35419482206e-06
2.49705333733e-11	-1.64880388098e-06
2.53867089295e-11	-1.67710255994e-06
2.58028844857e-11	-1.44599381713e-06
2.62190600419e-11	-1.03001383422e-06
2.66352355982e-11	-5.30314672176e-07
2.70514111544e-11	-3.39605350508e-08
2.74675867106e-11	4.08980861621e-07
2.78837622668e-11	7.83501512558e-07
2.8299937823e-11	1.08894360551e-06
2.87161133793e-11	1.31537615999e-06
2.91322889355e-11	1.43231624605e-06
2.95484644917e-11	1.39853296588e-06
2.99646400479e-11	1.18783483316e-06
3.03808156042e-11	8.15651585384e-07
3.07969911604e-11	3.49255445897e-07
3.12131667166e-11	-1.06866106186e-07
3.16293422728e-11	-4.4781703501e-07
3.2045517829e-11	-6.09756465764e-07
3.24616933853e-11	-5.96410792753e-07
3.28778689415e-11	-4.7617040444e-07
3.32940444977e-11	-3.50435749752e-07
3.37102200539e-11	-3.06037795994e-07
3.41263956101e-11	-3.74876833575e-07
3.45425711664e-11	-5.18297985863e-07
3.49587467226e-11	-6.447110934e-07
3.53749222788e-11	-6.52024183978e-07
3.5791097835e-11	-4.7621988486e-07
3.62072733912e-11	-1.23503457239e-07
3.66234489475e-11	3.27773545195e-07
3.70396245037e-11	7.56271671065e-07
3.74558000599e-11	1.04376624321e-06
3.78719756161e-11	1.11885987408e-06
3.82881511724e-11	9.79459080952e-07
3.87043267286e-11	6.87128970611e-07
3.91205022848e-11	3.38065598626e-07
3.9536677841e-11	2.5436363682e-08
3.99528533972e-11	-1.91066779287e-07
4.03690289535e-11	-2.97079619571e-07
4.07852045097e-11	-3.16033052172e-07
4.12013800659e-11	-2.88460968889e-07
4.16175556221e-11	-2.49493779414e-07
4.20337311783e-11	-2.15402100601e-07
4.24499067346e-11	-1.82553423933e-07
4.28660822908e-11	-1.36959795949e-07
4.3282257847e-11	-6.79541205528e-08
4.36984334032e-11	2.25800916853e-08
4.41146089595e-11	1.18122693404e-07
4.45307845157e-11	1.93942909732e-07
4.49469600719e-11	2.26977463491e-07
4.53631356281e-11	2.05050083579e-07
4.57793111843e-11	1.31048277563e-07
4.61954867406e-11	2.17910904876e-08
4.66116622968e-11	-9.79588539174e-08
4.7027837853e-11	-2.03003784449e-07
4.74440134092e-11	-2.74454527549e-07
4.78601889654e-11	-3.03472678098e-07
4.82763645217e-11	-2.91558503562e-07
4.86925400779e-11	-2.48101144962e-07
4.91087156341e-11	-1.86602751917e-07
4.95248911903e-11	-1.20645581969e-07
4.99410667466e-11	-6.09281682884e-08
5.03572423028e-11	-1.30306656576e-08
5.0773417859e-11	2.2788241405e-08
5.11895934152e-11	5.1071091578e-08
5.16057689714e-11	7.87133602742e-08
5.20219445277e-11	1.1158789226e-07
5.24381200839e-11	1.51135362891e-07
5.28542956401e-11	1.92503322616e-07
5.32704711963e-11	2.25144954236e-07
5.36866467525e-11	2.36351861638e-07
5.41028223088e-11	2.16171963885e-07
5.4518997865e-11	1.61798765497e-07
5.49351734212e-11	7.94341854515e-08
5.53513489774e-11	-1.7293455945e-08
5.57675245336e-11	-1.1157683133e-07
5.61837000899e-11	-1.88341918061e-07
5.65998756461e-11	-2.38065864799e-07
5.70160512023e-11	-2.57473673493e-07
5.74322267585e-11	-2.48226935007e-07
5.78484023148e-11	-2.14531209686e-07
5.8264577871e-11	-1.60993161025e-07
5.86807534272e-11	-9.23376850537e-08
5.90969289834e-11	-1.43834804067e-08
5.95131045396e-11	6.49603213443e-08
5.99292800959e-11	1.35499116816e-07
6.03454556521e-11	1.86561035953e-07
6.07616312083e-11	2.10073038964e-07
6.11778067645e-11	2.03361215867e-07
6.15939823207e-11	1.70597791005e-07
6.2010157877e-11	1.21444348355e-07
6.24263334332e-11	6.79078917543e-08
6.28425089894e-11	2.02855310327e-08
6.32586845456e-11	-1.56397993445e-08
6.36748601019e-11	-3.92398133986e-08
6.40910356581e-11	-5.34392714524e-08
6.45072112143e-11	-6.19598157225e-08
6.49233867705e-11	-6.68713378005e-08
6.53395623267e-11	-6.76984788228e-08
6.5755737883e-11	-6.22776406001e-08
6.61719134392e-11	-4.85621636237e-08
6.65880889954e-11	-2.65776095576e-08
6.70042645516e-11	6.18600309865e-10
6.74204401078e-11	2.74062549321e-08
6.78366156641e-11	4.75804116107e-08
6.82527912203e-11	5.65003450692e-08
6.86689667765e-11	5.29372994329e-08
6.90851423327e-11	3.9464110646e-08
6.9501317889e-11	2.13337114641e-08
6.99174934452e-11	4.11682658796e-09
7.03336690014e-11	-8.52511541916e-09
7.07498445576e-11	-1.59580488823e-08
7.11660201138e-11	-2.01840789638e-08
7.15821956701e-11	-2.42844644394e-08
7.19983712263e-11	-3.03565657056e-08
7.24145467825e-11	-3.8393231705e-08
7.28307223387e-11	-4.6183996627e-08
7.32468978949e-11	-5.03250279227e-08
7.36630734512e-11	-4.74750292412e-08
7.40792490074e-11	-3.55566640575e-08
7.44954245636e-11	-1.45775570504e-08
7.49116001198e-11	1.31340184839e-08
7.5327775676e-11	4.29146982395e-08
7.57439512323e-11	6.8517803653e-08
7.61601267885e-11	8.35387643505e-08
7.65763023447e-11	8.33898452512e-08
7.69924779009e-11	6.70483109033e-08
7.74086534572e-11	3.79395019845e-08
7.78248290134e-11	2.9986148703e-09
7.82410045696e-11	-2.94107177501e-08
7.86571801258e-11	-5.22660990043e-08
7.9073355682e-11	-6.20006324059e-08
7.94895312383e-11	-5.9142054365e-08
7.99057067945e-11	-4.76353636536e-08
8.03218823507e-11	-3.29249224551e-08
8.07380579069e-11	-2.00506762305e-08
8.11542334631e-11	-1.19899050688e-08
8.15704090194e-11	-8.97330262872e-09
8.19865845756e-11	-8.66660238019e-09
8.24027601318e-11	-7.42390937614e-09
8.2818935688e-11	-2.05400515346e-09
8.32351112443e-11	8.60085930254e-09
8.36512868005e-11	2.28393892687e-08
8.40674623567e-11	3.65948860104e-08
8.44836379129e-11	4.50245225547e-08
8.48998134691e-11	4.46941030852e-08
8.53159890254e-11	3.50020327167e-08
8.57321645816e-11	1.84249274726e-08
8.61483401378e-11	-5.63194164915e-10
8.6564515694e-11	-1.71480344369e-08
8.69806912502e-11	-2.7828127358e-08
8.73968668065e-11	-3.12021138926e-08
8.78130423627e-11	-2.79504847045e-08
8.82292179189e-11	-2.03586086878e-08
8.86453934751e-11	-1.13599457618e-08
8.90615690313e-11	-3.80226640451e-09
8.94777445876e-11	4.55108443986e-10
8.98939201438e-11	1.04370926138e-09
9.03100957e-11	-6.12559648838e-10
9.07262712562e-11	-1.88432620202e-09
9.11424468125e-11	-1.06341382748e-10
9.15586223687e-11	6.13990308596e-09
9.19747979249e-11	1.59337223415e-08
9.23909734811e-11	2.61038137772e-08
9.28071490373e-11	3.23627128429e-08
9.32233245936e-11	3.1099901876e-08
9.36395001498e-11	2.09289906516e-08
9.4055675706e-11	3.54474248565e-09
9.44718512622e-11	-1.66878526553e-08
9.48880268184e-11	-3.40953840716e-08
9.53042023747e-11	-4.3626703361e-08
9.57203779309e-11	-4.23823878215e-08
9.61365534871e-11	-3.07230439978e-08
9.65527290433e-11	-1.20623956934e-08
9.69689045996e-11	8.01684965634e-09
9.73850801558e-11	2.36598040049e-08
9.7801255712e-11	3.06404904782e-08
9.82174312682e-11	2.77525101788e-08
9.86336068244e-11	1.72277226929e-08
9.90497823807e-11	3.71694960921e-09
9.94659579369e-11	-7.50621462209e-09
9.98821334931e-11	-1.25904773829e-08
1.00298309049e-10	-1.0424661856e-08
1.00714484606e-10	-2.85632967278e-09
1.01130660162e-10	6.35523184078e-09
1.01546835718e-10	1.31063975783e-08
1.01963011274e-10	1.45194572476e-08
1.0237918683e-10	9.78999548096e-09
1.02795362387e-10	3.44277824998e-10
1.03211537943e-10	-1.0834154851e-08
1.03627713499e-10	-2.01535491628e-08
1.04043889055e-10	-2.45282579803e-08
1.04460064612e-10	-2.23321429127e-08
1.04876240168e-10	-1.39944883459e-08
1.05292415724e-10	-2.03472556165e-09
1.0570859128e-10	9.75641656353e-09
1.06124766836e-10	1.76230396387e-08
1.06540942393e-10	1.91912429282e-08
1.06957117949e-10	1.45637575333e-08
1.07373293505e-10	6.11558617636e-09
1.07789469061e-10	-2.44376779923e-09
1.08205644618e-10	-7.66292704291e-09
1.08621820174e-10	-7.76240932643e-09
1.0903799573e-10	-3.28064034272e-09
1.09454171286e-10	3.31555378985e-09
1.09870346842e-10	8.71577374162e-09
1.10286522399e-10	1.00505973544e-08
1.10702697955e-10	6.03372374286e-09
1.11118873511e-10	-2.52408781376e-09
1.11535049067e-10	-1.29228991397e-08
1.11951224624e-10	-2.13815070094e-08
1.1236740018e-10	-2.43114295362e-08
1.12783575736e-10	-1.98275814656e-08
1.13199751292e-10	-8.45698139296e-09
1.13615926848e-10	6.57530851988e-09
1.14032102405e-10	2.05112608009e-08
1.14448277961e-10	2.87198650417e-08
1.14864453517e-10	2.84524257488e-08
1.15280629073e-10	1.98554637176e-08
1.1569680463e-10	5.88072188168e-09
1.16112980186e-10	-8.93343637953e-09
1.16529155742e-10	-2.00380475546e-08
1.16945331298e-10	-2.43775811759e-08
1.17361506854e-10	-2.1151549956e-08
1.17777682411e-10	-1.19053939485e-08
1.18193857967e-10	1.0122900131e-10
1.18610033523e-10	1.08378924724e-08
1.19026209079e-10	1.67562521636e-08
1.19442384636e-10	1.591886295e-08
1.19858560192e-10	8.75657865662e-09
1.20274735748e-10	-1.98124857492e-09
1.20690911304e-10	-1.21648150997e-08
1.2110708686e-10	-1.77736269036e-08
1.21523262417e-10	-1.65825252418e-08
1.21939437973e-10	-9.0423858401e-09
1.22355613529e-10	1.94351135879e-09
1.22771789085e-10	1.22109811707e-08
1.23187964641e-10	1.80362559332e-08
1.23604140198e-10	1.74953331822e-08
1.24020315754e-10	1.10276621723e-08
1.2443649131e-10	1.13700279747e-09
1.24852666866e-10	-8.6459622517e-09
1.25268842423e-10	-1.49245362735e-08
1.25685017979e-10	-1.56630814985e-08
1.26101193535e-10	-1.0800418615e-08
1.26517369091e-10	-2.33751151768e-09
1.26933544647e-10	6.31052154976e-09
1.27349720204e-10	1.15861976679e-08
1.2776589576e-10	1.125198823e-08
1.28182071316e-10	5.39644040565e-09
1.28598246872e-10	-3.55062956814e-09
1.29014422429e-10	-1.17269016719e-08
1.29430597985e-10	-1.55508083077e-08
1.29846773541e-10	-1.31493674282e-08
1.30262949097e-10	-5.2010390994e-09
1.30679124653e-10	5.4699322849e-09
1.3109530021e-10	1.50168876223e-08
1.31511475766e-10	1.9987238864e-08
1.31927651322e-10	1.84866104647e-08
1.32343826878e-10	1.07642556535e-08
1.32760002435e-10	-9.67499778209e-10
1.33176177991e-10	-1.30821807831e-08
1.33592353547e-10	-2.17008199188e-08
1.34008529103e-10	-2.38666735264e-08
1.34424704659e-10	-1.86250319612e-08
1.34840880216e-10	-7.52667214665e-09
1.35257055772e-10	5.77794778689e-09
1.35673231328e-10	1.67525699424e-08
1.36089406884e-10	2.16633936345e-08
1.36505582441e-10	1.89942775952e-08
1.36921757997e-10	9.97999466401e-09
1.37337933553e-10	-1.92358989848e-09
1.37754109109e-10	-1.24526199907e-08
1.38170284665e-10	-1.80548183071e-08
1.38586460222e-10	-1.71009548744e-08
1.39002635778e-10	-1.02975914462e-08
1.39418811334e-10	-2.53556712085e-10
1.3983498689e-10	9.39558025825e-09
1.40251162447e-10	1.52675890819e-08
1.40667338003e-10	1.53211657805e-08
1.41083513559e-10	9.55313267381e-09
1.41499689115e-10	8.30754488639e-11
1.41915864671e-10	-9.54015783039e-09
1.42332040228e-10	-1.56569690546e-08
1.42748215784e-10	-1.59495684438e-08
1.4316439134e-10	-1.0360042213e-08
1.43580566896e-10	-1.16839351388e-09
1.43996742453e-10	7.96873461661e-09
1.44412918009e-10	1.35410295754e-08
1.44829093565e-10	1.35591416983e-08
1.45245269121e-10	8.24635873475e-09
1.45661444677e-10	-1.66512690788e-10
1.46077620234e-10	-8.42265260315e-09
1.4649379579e-10	-1.34346413438e-08
1.46909971346e-10	-1.33801995594e-08
1.47326146902e-10	-8.20839277105e-09
1.47742322459e-10	2.93454916617e-10
1.48158498015e-10	9.08354202966e-09
1.48574673571e-10	1.48377704567e-08
