% time-domain current integration by openEMS v0.0.36-88-g332ca7d @Tue Aug  5 15:10:01 2025
% start-coordinates: (0.00035427,-0.000120555,9.2303e-06) m -> [1245,456,13]
% stop-coordinates: (0.00035527,-0.00010795,9.2303e-06) m -> [1247,480,13]
% t/s	current
3.84635449373e-16	0
4.16560191671e-13	0
8.32735747892e-13	0
1.24891130411e-12	0
1.66508686033e-12	0
2.08126241656e-12	0
2.49743797278e-12	0
2.913613529e-12	-2.62153626681e-15
3.32978908522e-12	1.11144588609e-14
3.74596464144e-12	1.83967001111e-14
4.16214019766e-12	1.32827234454e-14
4.57831575388e-12	-6.84362370376e-14
4.9944913101e-12	4.83115914082e-14
5.41066686633e-12	5.35042803045e-15
5.82684242255e-12	-1.72707483623e-13
6.24301797877e-12	3.05477045298e-14
6.65919353499e-12	-4.30433656383e-13
7.07536909121e-12	-3.81150812951e-13
7.49154464743e-12	-1.38218689966e-12
7.90772020365e-12	-6.0126838404e-13
8.32389575987e-12	5.0479997786e-13
8.7400713161e-12	2.24015944683e-12
9.15624687232e-12	4.05320265198e-12
9.57242242854e-12	2.79845786301e-12
9.98859798476e-12	-1.6755943421e-12
1.0404773541e-11	-1.4686097824e-11
1.08209490972e-11	-3.7560350663e-11
1.12371246534e-11	-6.65298927061e-11
1.16533002096e-11	-9.62731006027e-11
1.20694757659e-11	-1.21265164577e-10
1.24856513221e-11	-1.37226299768e-10
1.29018268783e-11	-1.43884251735e-10
1.33180024345e-11	-1.63551006072e-10
1.37341779908e-11	-2.10012812696e-10
1.4150353547e-11	-2.4135723975e-10
1.45665291032e-11	-8.4178879145e-11
1.49827046594e-11	6.3742161549e-10
1.53988802156e-11	2.47722664604e-09
1.58150557719e-11	5.9996976276e-09
1.62312313281e-11	1.14361498049e-08
1.66474068843e-11	1.82309420893e-08
1.70635824405e-11	2.4714106317e-08
1.74797579967e-11	2.81818550718e-08
1.7895933553e-11	2.55548222583e-08
1.83121091092e-11	1.45570684396e-08
1.87282846654e-11	-4.98097918467e-09
1.91444602216e-11	-3.03429814608e-08
1.95606357778e-11	-5.61895916462e-08
1.99768113341e-11	-7.6020086226e-08
2.03929868903e-11	-8.43403356043e-08
2.08091624465e-11	-7.86807561326e-08
2.12253380027e-11	-6.05394561148e-08
2.1641513559e-11	-3.4797352555e-08
2.20576891152e-11	-7.87573917194e-09
2.24738646714e-11	1.45407437202e-08
2.28900402276e-11	2.9230880827e-08
2.33062157838e-11	3.59506202585e-08
2.37223913401e-11	3.66923842421e-08
2.41385668963e-11	3.4212693123e-08
2.45547424525e-11	3.06049230403e-08
2.49709180087e-11	2.6569910716e-08
2.53870935649e-11	2.1611400669e-08
2.58032691212e-11	1.49047600928e-08
2.62194446774e-11	6.2904055298e-09
2.66356202336e-11	-3.18849213699e-09
2.70517957898e-11	-1.14937286355e-08
2.74679713461e-11	-1.64271884984e-08
2.78841469023e-11	-1.66579763317e-08
2.83003224585e-11	-1.24127224055e-08
2.87164980147e-11	-5.47771428216e-09
2.91326735709e-11	1.48090129048e-09
2.95488491272e-11	5.96453819668e-09
2.99650246834e-11	6.58833565481e-09
3.03812002396e-11	3.54026674643e-09
3.07973757958e-11	-1.61729518666e-09
3.1213551352e-11	-6.66712063335e-09
3.16297269083e-11	-9.64704227613e-09
3.20459024645e-11	-9.5808054823e-09
3.24620780207e-11	-6.74332323314e-09
3.28782535769e-11	-2.39313968642e-09
3.32944291332e-11	1.87152959796e-09
3.37106046894e-11	4.81439332845e-09
3.41267802456e-11	6.00962390962e-09
3.45429558018e-11	5.8652256385e-09
3.4959131358e-11	5.26456478411e-09
3.53753069143e-11	5.04152586345e-09
3.57914824705e-11	5.55861401352e-09
3.62076580267e-11	6.57594112496e-09
3.66238335829e-11	7.44062678137e-09
3.70400091391e-11	7.45705808214e-09
3.74561846954e-11	6.23070350869e-09
3.78723602516e-11	3.83942166948e-09
3.82885358078e-11	7.72697184015e-10
3.8704711364e-11	-2.28286545223e-09
3.91208869202e-11	-4.69460514907e-09
3.95370624765e-11	-6.06256289615e-09
3.99532380327e-11	-6.28195806485e-09
4.03694135889e-11	-5.51665868542e-09
4.07855891451e-11	-4.11964684588e-09
4.12017647014e-11	-2.5365043399e-09
4.16179402576e-11	-1.2100851432e-09
4.20341158138e-11	-4.82107020972e-10
4.245029137e-11	-5.07967390373e-10
4.28664669262e-11	-1.21139165365e-09
4.32826424825e-11	-2.29704144594e-09
4.36988180387e-11	-3.33988836587e-09
4.41149935949e-11	-3.91634458197e-09
4.45311691511e-11	-3.73832120815e-09
4.49473447073e-11	-2.741325833e-09
4.53635202636e-11	-1.09965359041e-09
4.57796958198e-11	8.30115143291e-10
4.6195871376e-11	2.61430477266e-09
4.66120469322e-11	3.86261866936e-09
4.70282224885e-11	4.33046709603e-09
4.74443980447e-11	3.96973742767e-09
4.78605736009e-11	2.92628432597e-09
4.82767491571e-11	1.48079959406e-09
4.86929247133e-11	-3.35610081392e-11
4.91091002696e-11	-1.31377364543e-09
4.95252758258e-11	-2.14644124696e-09
4.9941451382e-11	-2.43115860776e-09
5.03576269382e-11	-2.18699280907e-09
5.07738024944e-11	-1.53334878128e-09
5.11899780507e-11	-6.72458866369e-10
5.16061536069e-11	1.51652038149e-10
5.20223291631e-11	7.06094349656e-10
5.24385047193e-11	8.36625713152e-10
5.28546802755e-11	5.21571452694e-10
5.32708558318e-11	-1.13457986062e-10
5.3687031388e-11	-8.3718254551e-10
5.41032069442e-11	-1.39408584676e-09
5.45193825004e-11	-1.60160473772e-09
5.49355580567e-11	-1.41086531347e-09
5.53517336129e-11	-9.13709163886e-10
5.57679091691e-11	-2.92225549314e-10
5.61840847253e-11	2.62027871623e-10
5.66002602815e-11	6.19301221416e-10
5.70164358378e-11	7.46421924269e-10
5.7432611394e-11	6.98505309149e-10
5.78487869502e-11	5.7522686614e-10
5.82649625064e-11	4.71902072974e-10
5.86811380626e-11	4.41821579322e-10
5.90973136189e-11	4.82821671532e-10
5.95134891751e-11	5.53902257394e-10
5.99296647313e-11	5.99049865269e-10
6.03458402875e-11	5.74060743386e-10
6.07620158438e-11	4.65000732364e-10
6.11781914e-11	2.90782675716e-10
6.15943669562e-11	9.26417484393e-11
6.20105425124e-11	-7.84822692945e-11
6.24267180686e-11	-1.78407968954e-10
6.28428936249e-11	-1.79423337299e-10
6.32590691811e-11	-8.27526241975e-11
6.36752447373e-11	8.31601454365e-11
6.40914202935e-11	2.62429411535e-10
6.45075958497e-11	3.85924153745e-10
6.4923771406e-11	3.9487840775e-10
6.53399469622e-11	2.6329735614e-10
6.57561225184e-11	1.77753194108e-11
6.61722980746e-11	-2.63539468026e-10
6.65884736309e-11	-4.73883654539e-10
6.70046491871e-11	-5.16723941413e-10
6.74208247433e-11	-3.4866273757e-10
6.78370002995e-11	-6.40516546052e-12
6.82531758557e-11	4.0085368358e-10
6.8669351412e-11	7.23648307943e-10
6.90855269682e-11	8.333862489e-10
6.95017025244e-11	6.73110400751e-10
6.99178780806e-11	2.84790302452e-10
7.03340536368e-11	-2.05445049861e-10
7.07502291931e-11	-6.34455876725e-10
7.11664047493e-11	-8.66522353871e-10
7.15825803055e-11	-8.43055014688e-10
7.19987558617e-11	-5.98060934109e-10
7.24149314179e-11	-2.35013980499e-10
7.28311069742e-11	1.17457793491e-10
7.32472825304e-11	3.55790175099e-10
7.36634580866e-11	4.29871194196e-10
7.40796336428e-11	3.49732298677e-10
7.44958091991e-11	1.69184846688e-10
7.49119847553e-11	-3.68739587475e-11
7.53281603115e-11	-1.97102209554e-10
7.57443358677e-11	-2.6025234745e-10
7.61605114239e-11	-2.07622807835e-10
7.65766869802e-11	-5.78545406027e-11
7.69928625364e-11	1.38939040828e-10
7.74090380926e-11	3.12324527352e-10
7.78252136488e-11	3.97237548411e-10
7.8241389205e-11	3.54387991175e-10
7.86575647613e-11	1.86663476343e-10
7.90737403175e-11	-5.96395502428e-11
7.94899158737e-11	-3.08742947874e-10
7.99060914299e-11	-4.83105833116e-10
8.03222669862e-11	-5.26705234982e-10
8.07384425424e-11	-4.27835850081e-10
8.11546180986e-11	-2.21623497332e-10
8.15707936548e-11	1.88953800523e-11
8.1986969211e-11	2.10936601519e-10
8.24031447673e-11	2.90758944699e-10
8.28193203235e-11	2.40847619626e-10
8.32354958797e-11	9.64981566876e-11
8.36516714359e-11	-7.02506594563e-11
8.40678469921e-11	-1.8125802248e-10
8.44840225484e-11	-1.89808460616e-10
8.49001981046e-11	-9.86311032847e-11
8.53163736608e-11	4.36823112404e-11
8.5732549217e-11	1.68689728852e-10
8.61487247733e-11	2.21943421974e-10
8.65649003295e-11	1.86497192689e-10
8.69810758857e-11	8.5241334824e-11
8.73972514419e-11	-3.3459977844e-11
8.78134269981e-11	-1.18581769404e-10
8.82296025544e-11	-1.37958588997e-10
8.86457781106e-11	-8.53717305183e-11
8.90619536668e-11	2.14602433046e-11
8.9478129223e-11	1.46627862629e-10
8.98943047792e-11	2.48641246481e-10
9.03104803355e-11	2.91436208499e-10
9.07266558917e-11	2.5427318584e-10
9.11428314479e-11	1.39804778865e-10
9.15590070041e-11	-2.36799208714e-11
9.19751825603e-11	-1.88678392354e-10
9.23913581166e-11	-3.02238706285e-10
9.28075336728e-11	-3.25049154259e-10
9.3223709229e-11	-2.45755554795e-10
9.36398847852e-11	-8.58462467779e-11
9.40560603415e-11	1.05371260328e-10
9.44722358977e-11	2.6486493554e-10
9.48884114539e-11	3.36806277312e-10
9.53045870101e-11	2.91762697335e-10
9.57207625663e-11	1.37996114535e-10
9.61369381226e-11	-7.58270668477e-11
9.65531136788e-11	-2.76250244902e-10
9.6969289235e-11	-3.89525051103e-10
9.73854647912e-11	-3.6945471682e-10
9.78016403474e-11	-2.17746640163e-10
9.82178159037e-11	1.47083682039e-11
9.86339914599e-11	2.47349946081e-10
9.90501670161e-11	4.00823096935e-10
9.94663425723e-11	4.27644197831e-10
9.98825181286e-11	3.28851779141e-10
1.00298693685e-10	1.48742768102e-10
1.00714869241e-10	-4.54231652292e-11
1.01131044797e-10	-1.91687568596e-10
1.01547220353e-10	-2.5322874353e-10
1.0196339591e-10	-2.2718568693e-10
1.02379571466e-10	-1.3865221471e-10
1.02795747022e-10	-2.88732579512e-11
1.03211922578e-10	6.24960777573e-11
1.03628098135e-10	1.08215270078e-10
1.04044273691e-10	1.00339424269e-10
1.04460449247e-10	5.08672201582e-11
1.04876624803e-10	-1.33612895054e-11
1.05292800359e-10	-6.15169234996e-11
1.05708975916e-10	-6.97856009091e-11
1.06125151472e-10	-3.19740206534e-11
1.06541327028e-10	3.70847866304e-11
1.06957502584e-10	1.07349573675e-10
1.07373678141e-10	1.4475458332e-10
1.07789853697e-10	1.25976173937e-10
1.08206029253e-10	4.91644641665e-11
1.08622204809e-10	-6.35083027833e-11
1.09038380365e-10	-1.72588443537e-10
1.09454555922e-10	-2.35236052859e-10
1.09870731478e-10	-2.21044280102e-10
1.10286907034e-10	-1.24039403748e-10
1.1070308259e-10	3.17969851837e-11
1.11119258147e-10	1.97994107221e-10
1.11535433703e-10	3.16855652827e-10
1.11951609259e-10	3.40901723517e-10
1.12367784815e-10	2.52959403424e-10
1.12783960371e-10	7.61100557578e-11
1.13200135928e-10	-1.32159005961e-10
1.13616311484e-10	-2.98476882099e-10
1.1403248704e-10	-3.62442631463e-10
1.14448662596e-10	-3.00307279044e-10
1.14864838153e-10	-1.34501354498e-10
1.15281013709e-10	7.71697081237e-11
1.15697189265e-10	2.6151686372e-10
1.16113364821e-10	3.5955949329e-10
1.16529540377e-10	3.4460559406e-10
1.16945715934e-10	2.27298957434e-10
1.1736189149e-10	5.00080948873e-11
1.17778067046e-10	-1.30997407366e-10
1.18194242602e-10	-2.61255433953e-10
1.18610418159e-10	-3.04938546636e-10
1.19026593715e-10	-2.53222415258e-10
1.19442769271e-10	-1.28240917885e-10
1.19858944827e-10	2.63840910925e-11
1.20275120383e-10	1.57958063296e-10
1.2069129594e-10	2.24637017321e-10
1.21107471496e-10	2.1004208095e-10
1.21523647052e-10	1.28510799224e-10
1.21939822608e-10	1.84327587915e-11
1.22355998164e-10	-7.52359841094e-11
1.22772173721e-10	-1.18009296779e-10
1.23188349277e-10	-9.94142129729e-11
1.23604524833e-10	-3.31937081988e-11
1.24020700389e-10	4.83172737931e-11
1.24436875946e-10	1.09291894979e-10
1.24853051502e-10	1.22082649545e-10
1.25269227058e-10	7.80091477526e-11
1.25685402614e-10	-8.812834143e-12
1.2610157817e-10	-1.04970497572e-10
1.26517753727e-10	-1.68350833274e-10
1.26933929283e-10	-1.65529132068e-10
1.27350104839e-10	-8.73097982801e-11
1.27766280395e-10	4.40853326067e-11
1.28182455952e-10	1.80895270985e-10
1.28598631508e-10	2.67579569613e-10
1.29014807064e-10	2.65303029545e-10
1.2943098262e-10	1.68234495779e-10
1.29847158176e-10	7.94667283366e-12
1.30263333733e-10	-1.60274765681e-10
1.30679509289e-10	-2.77744299781e-10
1.31095684845e-10	-3.04523684047e-10
1.31511860401e-10	-2.3151477957e-10
1.31928035958e-10	-8.2319304151e-11
1.32344211514e-10	9.63278901089e-11
1.3276038707e-10	2.48737724862e-10
1.33176562626e-10	3.27036175918e-10
1.33592738182e-10	3.0519742289e-10
1.34008913739e-10	1.890335527e-10
1.34425089295e-10	1.51973399143e-11
1.34841264851e-10	-1.59244700759e-10
1.35257440407e-10	-2.76225264884e-10
1.35673615964e-10	-2.97647878567e-10
1.3608979152e-10	-2.19219031816e-10
1.36505967076e-10	-7.13007639042e-11
1.36922142632e-10	9.29080215539e-11
1.37338318188e-10	2.17967088822e-10
1.37754493745e-10	2.66054539511e-10
1.38170669301e-10	2.27525789875e-10
1.38586844857e-10	1.22207924336e-10
1.39003020413e-10	-1.02992215451e-11
1.3941919597e-10	-1.23655835571e-10
1.39835371526e-10	-1.80558568097e-10
1.40251547082e-10	-1.64801117197e-10
1.40667722638e-10	-8.58083326616e-11
1.41083898194e-10	2.28823279769e-11
1.41500073751e-10	1.16708948061e-10
1.41916249307e-10	1.57058296923e-10
1.42332424863e-10	1.27502439162e-10
1.42748600419e-10	4.21506926584e-11
1.43164775976e-10	-6.03706459823e-11
1.43580951532e-10	-1.33820635129e-10
1.43997127088e-10	-1.44520936884e-10
1.44413302644e-10	-8.62254018186e-11
1.448294782e-10	1.83647368146e-11
1.45245653757e-10	1.27253235727e-10
1.45661829313e-10	1.9708755461e-10
1.46078004869e-10	1.99440214343e-10
1.46494180425e-10	1.30149502287e-10
1.46910355982e-10	1.04814100108e-11
1.47326531538e-10	-1.20079168831e-10
1.47742707094e-10	-2.16496057193e-10
1.4815888265e-10	-2.4276189392e-10
1.48575058206e-10	-1.84362539124e-10
